-0.0769979 -0.0769979 -0.487999 -0.0675593 0.484715 -0.102407 0.484715 -0.0675593 -0.102407 -0.0769979 -0.0769979 -0.487999 -0.0675593 0.484715 -0.102407 0.484715 -0.0675593 -0.102407 0.299862 0.299862 -0.264887 -0.0769979 -0.0769979 -0.487999 -0.0675593 0.484715 -0.102407 0.484715 -0.0675593 -0.102407 -0.0769979 -0.0769979 -0.487999 -0.0675593 0.484715 -0.102407 0.484715 -0.0675593 -0.102407 -0.0769979 -0.0769979 -0.487999 -0.0675593 0.484715 -0.102407 0.484715 -0.0675593 -0.102407 -0.0769979 -0.0769979 -0.487999 -0.0675593 0.484715 -0.102407 0.484715 -0.0675593 -0.102407 0.299862 0.299862 -0.264887 0.299862 0.299862 -0.264887 0.299862 0.299862 -0.264887 0.299862 0.299862 -0.264887 0.299862 0.299862 -0.264887

0.332102 0.332102 0.171514 0.332102 0.332102 0.171514 0.257543 0.257543 -0.342554 0.257543 0.257543 -0.342554 0.257543 0.257543 -0.342554 0.332102 0.332102 0.171514 0.332102 0.332102 0.171514 0.332102 0.332102 0.171514 0.332102 0.332102 0.171514 0.257543 0.257543 -0.342554 0.257543 0.257543 -0.342554 0.257543 0.257543 -0.342554 0.332102 0.332102 0.171514 0.332102 0.332102 0.171514 0.332102 0.332102 0.171514 0.257543 0.257543 -0.342554 0.257543 0.257543 -0.342554 0.257543 0.257543 -0.342554 0.332102 0.332102 0.171514 0.257543 0.257543 -0.342554 0.332102 0.332102 0.171514 0.332102 0.332102 0.171514 0.257543 0.257543 -0.342554 0.257543 0.257543 -0.342554 


-0.261079 0.323967 -0.277278 -0.261079 0.323967 -0.277278 -0.244336 0.303192 0.313647 -0.244336 0.303192 0.313647 -0.244336 0.303192 0.313647 -0.261079 0.323967 -0.277278 -0.261079 0.323967 -0.277278 -0.261079 0.323967 -0.277278 -0.261079 0.323967 -0.277278 -0.244336 0.303192 0.313647 -0.244336 0.303192 0.313647 -0.244336 0.303192 0.313647 -0.261079 0.323967 -0.277278 -0.261079 0.323967 -0.277278 -0.261079 0.323967 -0.277278 -0.244336 0.303192 0.313647 -0.244336 0.303192 0.313647 -0.244336 0.303192 0.313647 -0.261079 0.323967 -0.277278 -0.244336 0.303192 0.313647 -0.261079 0.323967 -0.277278 -0.261079 0.323967 -0.277278 -0.244336 0.303192 0.313647 -0.244336 0.303192 0.313647 
0.0990847 0.452402 -0.188454 -0.332711 0.366581 -0.0701527 -0.245942 0.337991 0.274362 -0.245942 0.337991 0.274362 0.00724802 0.351223 0.355795 0.0990847 0.452402 -0.188454 -0.332711 0.366581 -0.0701527 0.0990847 0.452402 -0.188454 -0.332711 0.366581 -0.0701527 -0.245942 0.337991 0.274362 -0.245942 0.337991 0.274362 0.00724802 0.351223 0.355795 0.0990847 0.452402 -0.188454 0.0990847 0.452402 -0.188454 -0.332711 0.366581 -0.0701527 -0.245942 0.337991 0.274362 -0.245942 0.337991 0.274362 0.00724802 0.351223 0.355795 0.0990847 0.452402 -0.188454 0.00724802 0.351223 0.355795 -0.332711 0.366581 -0.0701527 -0.332711 0.366581 -0.0701527 0.00724802 0.351223 0.355795 0.00724802 0.351223 0.355795 
0.0814984 0.28279 0.404212 0.262405 0.22948 0.358445 0.379868 0.286627 0.153444 0.289415 0.393249 0.107677 0.0544878 0.450396 0.210178 -0.0359653 0.397085 0.301712 0.0814984 0.28279 0.404212 0.0544878 0.450396 0.210178 0.289415 0.393249 0.107677 0.0814984 0.28279 0.404212 -0.0359653 0.397085 0.301712 0.379868 0.286627 0.153444 0.262405 0.22948 0.358445 0.379868 0.286627 0.153444 -0.0359653 0.397085 0.301712 0.0544878 0.450396 0.210178 0.262405 0.22948 0.358445 0.0814984 0.28279 0.404212 0.289415 0.393249 0.107677 0.289415 0.393249 0.107677 0.0544878 0.450396 0.210178 0.379868 0.286627 0.153444 -0.0359653 0.397085 0.301712 0.262405 0.22948 0.358445 
0.142156 0.228041 0.42165 0.298539 0.16867 0.363902 0.404411 0.245694 0.161511 0.32622 0.364436 0.103763 0.114475 0.441461 0.204958 0.0362837 0.38209 0.320455 0.142156 0.228041 0.42165 0.114475 0.441461 0.204958 0.32622 0.364436 0.103763 0.142156 0.228041 0.42165 0.0362837 0.38209 0.320455 0.404411 0.245694 0.161511 0.298539 0.16867 0.363902 0.404411 0.245694 0.161511 0.0362837 0.38209 0.320455 0.114475 0.441461 0.204958 0.298539 0.16867 0.363902 0.142156 0.228041 0.42165 0.32622 0.364436 0.103763 0.32622 0.364436 0.103763 0.114475 0.441461 0.204958 0.404411 0.245694 0.161511 0.0362837 0.38209 0.320455 0.298539 0.16867 0.363902 
0.297011 0.386482 0.111427 0.232936 0.41852 0.143464 0.111427 0.297011 0.386482 0.143464 0.232936 0.41852 0.386482 0.111427 0.297011 0.41852 0.143464 0.232936 0.297011 0.386482 0.111427 0.386482 0.111427 0.297011 0.143464 0.232936 0.41852 0.297011 0.386482 0.111427 0.41852 0.143464 0.232936 0.111427 0.297011 0.386482 0.232936 0.41852 0.143464 0.111427 0.297011 0.386482 0.41852 0.143464 0.232936 0.386482 0.111427 0.297011 0.232936 0.41852 0.143464 0.297011 0.386482 0.111427 0.143464 0.232936 0.41852 0.143464 0.232936 0.41852 0.386482 0.111427 0.297011 0.111427 0.297011 0.386482 0.41852 0.143464 0.232936 0.232936 0.41852 0.143464 
0.312919 0.388574 0.033042 0.261406 0.420311 0.0707486 0.144803 0.3189 0.35684 0.170559 0.255425 0.394547 0.403766 0.154014 0.251501 0.429522 0.185751 0.176088 0.312919 0.388574 0.033042 0.403766 0.154014 0.251501 0.170559 0.255425 0.394547 0.312919 0.388574 0.033042 0.429522 0.185751 0.176088 0.144803 0.3189 0.35684 0.261406 0.420311 0.0707486 0.144803 0.3189 0.35684 0.429522 0.185751 0.176088 0.403766 0.154014 0.251501 0.261406 0.420311 0.0707486 0.312919 0.388574 0.033042 0.170559 0.255425 0.394547 0.170559 0.255425 0.394547 0.403766 0.154014 0.251501 0.144803 0.3189 0.35684 0.429522 0.185751 0.176088 0.261406 0.420311 0.0707486 
0.178412 0.268828 -0.38197 0.411086 0.17407 -0.225184 0.429833 0.199991 -0.158892 0.313496 0.389507 -0.00210672 0.276002 0.415428 -0.0352527 0.159665 0.32067 -0.348824 0.178412 0.268828 -0.38197 0.276002 0.415428 -0.0352527 0.313496 0.389507 -0.00210672 0.178412 0.268828 -0.38197 0.159665 0.32067 -0.348824 0.429833 0.199991 -0.158892 0.411086 0.17407 -0.225184 0.429833 0.199991 -0.158892 0.159665 0.32067 -0.348824 0.276002 0.415428 -0.0352527 0.411086 0.17407 -0.225184 0.178412 0.268828 -0.38197 0.313496 0.389507 -0.00210672 0.313496 0.389507 -0.00210672 0.276002 0.415428 -0.0352527 0.429833 0.199991 -0.158892 0.159665 0.32067 -0.348824 0.411086 0.17407 -0.225184 
0.429918 0.206841 -0.149623 0.119088 0.362945 -0.322629 0.191561 0.430607 -0.166979 0.346976 0.118399 -0.339984 0.202031 0.186062 -0.417809 0.357446 0.342166 -0.0717982 0.429918 0.206841 -0.149623 0.202031 0.186062 -0.417809 0.346976 0.118399 -0.339984 0.429918 0.206841 -0.149623 0.357446 0.342166 -0.0717982 0.191561 0.430607 -0.166979 0.119088 0.362945 -0.322629 0.191561 0.430607 -0.166979 0.357446 0.342166 -0.0717982 0.202031 0.186062 -0.417809 0.119088 0.362945 -0.322629 0.429918 0.206841 -0.149623 0.346976 0.118399 -0.339984 0.346976 0.118399 -0.339984 0.202031 0.186062 -0.417809 0.191561 0.430607 -0.166979 0.357446 0.342166 -0.0717982 0.119088 0.362945 -0.322629 

0.349038 0.349038 -0.0796546 -0.278266 0.407327 -0.0815631 -0.278266 0.407327 -0.0815631 -0.348284 -0.348284 -0.0860065 0.407327 -0.278266 -0.0815631 0.407327 -0.278266 -0.0815631 -0.348284 -0.348284 -0.0860065 0.349038 0.349038 -0.0796546 -0.278266 0.407327 -0.0815631 -0.278266 0.407327 -0.0815631 -0.348284 -0.348284 -0.0860065 0.407327 -0.278266 -0.0815631 0.407327 -0.278266 -0.0815631 0.349038 0.349038 -0.0796546 -0.278266 0.407327 -0.0815631 -0.278266 0.407327 -0.0815631 -0.348284 -0.348284 -0.0860065 0.407327 -0.278266 -0.0815631 0.407327 -0.278266 -0.0815631 0.349038 0.349038 -0.0796546 -0.348284 -0.348284 -0.0860065 -0.348284 -0.348284 -0.0860065 0.349038 0.349038 -0.0796546 0.349038 0.349038 -0.0796546
0.0389943 0.356379 -0.34853 0.335735 0.244985 -0.277965 0.148065 0.07597 -0.471493 -0.000305135 0.298759 -0.400928 0.375034 0.129744 -0.304164 0.226664 0.01835 -0.445294 0.0389943 0.356379 -0.34853 0.375034 0.129744 -0.304164 -0.000305135 0.298759 -0.400928 0.0389943 0.356379 -0.34853 0.226664 0.01835 -0.445294 0.148065 0.07597 -0.471493 0.335735 0.244985 -0.277965 0.148065 0.07597 -0.471493 0.226664 0.01835 -0.445294 0.375034 0.129744 -0.304164 0.335735 0.244985 -0.277965 0.0389943 0.356379 -0.34853 -0.000305135 0.298759 -0.400928 -0.000305135 0.298759 -0.400928 0.375034 0.129744 -0.304164 0.148065 0.07597 -0.471493 0.226664 0.01835 -0.445294 0.335735 0.244985 -0.277965 
-0.216897 0.286011 -0.348071 -0.277255 0.277146 -0.310354 -0.341376 0.358663 0.0694487 -0.311197 0.376394 0.107165 -0.182955 0.457911 -0.0827359 -0.152776 0.449046 -0.158169 -0.216897 0.286011 -0.348071 -0.182955 0.457911 -0.0827359 -0.311197 0.376394 0.107165 -0.216897 0.286011 -0.348071 -0.152776 0.449046 -0.158169 -0.341376 0.358663 0.0694487 -0.277255 0.277146 -0.310354 -0.341376 0.358663 0.0694487 -0.152776 0.449046 -0.158169 -0.182955 0.457911 -0.0827359 -0.277255 0.277146 -0.310354 -0.216897 0.286011 -0.348071 -0.311197 0.376394 0.107165 -0.311197 0.376394 0.107165 -0.182955 0.457911 -0.0827359 -0.341376 0.358663 0.0694487 -0.152776 0.449046 -0.158169 -0.277255 0.277146 -0.310354 
-0.174366 0.292368 -0.36622 -0.24201 0.278214 -0.337681 -0.347168 0.359772 0.00620371 -0.313346 0.388081 0.0347429 -0.10303 0.469639 -0.137199 -0.0692082 0.455485 -0.194278 -0.174366 0.292368 -0.36622 -0.10303 0.469639 -0.137199 -0.313346 0.388081 0.0347429 -0.174366 0.292368 -0.36622 -0.0692082 0.455485 -0.194278 -0.347168 0.359772 0.00620371 -0.24201 0.278214 -0.337681 -0.347168 0.359772 0.00620371 -0.0692082 0.455485 -0.194278 -0.10303 0.469639 -0.137199 -0.24201 0.278214 -0.337681 -0.174366 0.292368 -0.36622 -0.313346 0.388081 0.0347429 -0.313346 0.388081 0.0347429 -0.10303 0.469639 -0.137199 -0.347168 0.359772 0.00620371 -0.0692082 0.455485 -0.194278 -0.24201 0.278214 -0.337681 



0.443583 0.103183 -0.206367 0.443583 0.103183 -0.206367 -0.392559 0.13849 -0.27698 0.443583 0.103183 -0.206367 0.443583 0.103183 -0.206367 -0.392559 0.13849 -0.27698 -0.392559 0.13849 -0.27698 0.443583 0.103183 -0.206367 0.443583 0.103183 -0.206367 -0.392559 0.13849 -0.27698 0.443583 0.103183 -0.206367 0.443583 0.103183 -0.206367 -0.392559 0.13849 -0.27698 0.443583 0.103183 -0.206367 0.443583 0.103183 -0.206367 -0.392559 0.13849 -0.27698 0.443583 0.103183 -0.206367 0.443583 0.103183 -0.206367 -0.392559 0.13849 -0.27698 -0.392559 0.13849 -0.27698 -0.392559 0.13849 -0.27698 -0.392559 0.13849 -0.27698 -0.392559 0.13849 -0.27698 -0.392559 0.13849 -0.27698 
0.217669 0.217669 -0.394006 0.169936 0.169936 0.438456 0.169936 0.169936 0.438456 0.2176690.289431 0.289431 0.287158 0.289431 0.289431 0.287158 0.279673 0.279673 -0.305886 0.279673 0.279673 -0.305886 0.279673 0.279673 -0.305886 0.289431 0.289431 0.287158 0.289431 0.289431 0.287158 0.289431 0.289431 0.287158 0.289431 0.289431 0.287158 0.279673 0.279673 -0.305886 0.279673 0.279673 -0.305886 0.279673 0.279673 -0.305886 0.289431 0.289431 0.287158 0.289431 0.289431 0.287158 0.289431 0.289431 0.287158 0.279673 0.279673 -0.305886 0.279673 0.279673 -0.305886 0.279673 0.279673 -0.305886 0.289431 0.289431 0.287158 0.279673 0.279673 -0.305886 0.289431 0.289431 0.287158 0.289431 0.289431 0.287158 0.279673 0.279673 -0.305886 0.279673 0.279673 -0.305886 
0.217669 -0.394006 0.169936 0.169936 0.438456 0.169936 0.169936 0.438456 0.217669 0.217669 -0.394006 0.217669 0.217669 -0.394006 0.169936 0.169936 0.438456 0.169936 0.169936 0.438456 0.217669 0.217669 -0.394006 0.169936 0.169936 0.438456 0.169936 0.169936 0.438456 0.217669 0.217669 -0.394006 0.169936 0.169936 0.438456 0.169936 0.169936 0.438456 0.217669 0.217669 -0.394006 0.169936 0.169936 0.438456 0.169936 0.169936 0.438456 0.217669 0.217669 -0.394006 0.217669 0.217669 -0.394006 0.217669 0.217669 -0.394006 0.217669 0.217669 -0.394006 0.217669 0.217669 -0.394006 
0.161977 0.161977 -0.44444 0.219104 0.219104 0.392411 0.219104 0.219104 0.392411 0.161977 0.161977 -0.44444 0.219104 0.219104 0.392411 0.219104 0.219104 0.392411 0.161977 0.161977 -0.44444 0.161977 0.161977 -0.44444 0.219104 0.219104 0.392411 0.219104 0.219104 0.392411 0.161977 0.161977 -0.44444 0.219104 0.219104 0.392411 0.219104 0.219104 0.392411 0.161977 0.161977 -0.44444 0.219104 0.219104 0.392411 0.219104 0.219104 0.392411 0.161977 0.161977 -0.44444 0.219104 0.219104 0.392411 0.219104 0.219104 0.392411 0.161977 0.161977 -0.44444 0.161977 0.161977 -0.44444 0.161977 0.161977 -0.44444 0.161977 0.161977 -0.44444 0.161977 0.161977 -0.44444 
0.0389943 0.356379 -0.34853 0.335735 0.244985 -0.277965 0.148065 0.07597 -0.471493 -0.000305135 0.298759 -0.400928 0.375034 0.129744 -0.304164 0.226664 0.01835 -0.445294 0.0389943 0.356379 -0.34853 0.375034 0.129744 -0.304164 -0.000305135 0.298759 -0.400928 0.0389943 0.356379 -0.34853 0.226664 0.01835 -0.445294 0.148065 0.07597 -0.471493 0.335735 0.244985 -0.277965 0.148065 0.07597 -0.471493 0.226664 0.01835 -0.445294 0.375034 0.129744 -0.304164 0.335735 0.244985 -0.277965 0.0389943 0.356379 -0.34853 -0.000305135 0.298759 -0.400928 -0.000305135 0.298759 -0.400928 0.375034 0.129744 -0.304164 0.148065 0.07597 -0.471493 0.226664 0.01835 -0.445294 0.335735 0.244985 -0.277965 
0.0814984 0.28279 0.404212 0.262405 0.22948 0.358445 0.379868 0.286627 0.153444 0.289415 0.393249 0.107677 0.0544878 0.450396 0.210178 -0.0359653 0.397085 0.301712 0.0814984 0.28279 0.404212 0.0544878 0.450396 0.210178 0.289415 0.393249 0.107677 0.0814984 0.28279 0.404212 -0.0359653 0.397085 0.301712 0.379868 0.286627 0.153444 0.262405 0.22948 0.358445 0.379868 0.286627 0.153444 -0.0359653 0.397085 0.301712 0.0544878 0.450396 0.210178 0.262405 0.22948 0.358445 0.0814984 0.28279 0.404212 0.289415 0.393249 0.107677 0.289415 0.393249 0.107677 0.0544878 0.450396 0.210178 0.379868 0.286627 0.153444 -0.0359653 0.397085 0.301712 0.262405 0.22948 0.358445 
0.230809 0.413896 0.159429 -0.337583 0.344182 0.132576 -0.337583 0.344182 0.132576 -0.337583 0.344182 0.132576 0.230809 0.413896 0.159429 0.230809 0.413896 0.159429 -0.337583 0.344182 0.132576 0.230809 0.413896 0.159429 -0.337583 0.344182 0.132576 -0.337583 0.344182 0.132576 -0.337583 0.344182 0.132576 0.230809 0.413896 0.159429 0.230809 0.413896 0.159429 0.230809 0.413896 0.159429 -0.337583 0.344182 0.132576 -0.337583 0.344182 0.132576 -0.337583 0.344182 0.132576 0.230809 0.413896 0.159429 0.230809 0.413896 0.159429 0.230809 0.413896 0.159429 -0.337583 0.344182 0.132576 -0.337583 0.344182 0.132576 0.230809 0.413896 0.159429 0.230809 0.413896 0.159429 
0.34467 0.301833 0.200247 -0.204664 0.380142 0.2522 -0.204664 0.380142 0.2522 -0.204664 0.380142 0.2522 0.34467 0.301833 0.200247 0.34467 0.301833 0.200247 -0.204664 0.380142 0.2522 0.34467 0.301833 0.200247 -0.204664 0.380142 0.2522 -0.204664 0.380142 0.2522 -0.204664 0.380142 0.2522 0.34467 0.301833 0.200247 0.34467 0.301833 0.200247 0.34467 0.301833 0.200247 -0.204664 0.380142 0.2522 -0.204664 0.380142 0.2522 -0.204664 0.380142 0.2522 0.34467 0.301833 0.200247 0.34467 0.301833 0.200247 0.34467 0.301833 0.200247 -0.204664 0.380142 0.2522 -0.204664 0.380142 0.2522 0.34467 0.301833 0.200247 0.34467 0.301833 0.200247 
0.142156 0.228041 0.42165 0.298539 0.16867 0.363902 0.404411 0.245694 0.161511 0.32622 0.364436 0.103763 0.114475 0.441461 0.204958 0.0362837 0.38209 0.320455 0.142156 0.228041 0.42165 0.114475 0.441461 0.204958 0.32622 0.364436 0.103763 0.142156 0.228041 0.42165 0.0362837 0.38209 0.320455 0.404411 0.245694 0.161511 0.298539 0.16867 0.363902 0.404411 0.245694 0.161511 0.0362837 0.38209 0.320455 0.114475 0.441461 0.204958 0.298539 0.16867 0.363902 0.142156 0.228041 0.42165 0.32622 0.364436 0.103763 0.32622 0.364436 0.103763 0.114475 0.441461 0.204958 0.404411 0.245694 0.161511 0.0362837 0.38209 0.320455 0.298539 0.16867 0.363902 
0.312919 0.388574 0.033042 0.261406 0.420311 0.0707486 0.144803 0.3189 0.35684 0.170559 0.255425 0.394547 0.403766 0.154014 0.251501 0.429522 0.185751 0.176088 0.312919 0.388574 0.033042 0.403766 0.154014 0.251501 0.170559 0.255425 0.394547 0.312919 0.388574 0.033042 0.429522 0.185751 0.176088 0.144803 0.3189 0.35684 0.261406 0.420311 0.0707486 0.144803 0.3189 0.35684 0.429522 0.185751 0.176088 0.403766 0.154014 0.251501 0.261406 0.420311 0.0707486 0.312919 0.388574 0.033042 0.170559 0.255425 0.394547 0.170559 0.255425 0.394547 0.403766 0.154014 0.251501 0.144803 0.3189 0.35684 0.429522 0.185751 0.176088 0.261406 0.420311 0.0707486 
0.15102 0.248037 -0.407027 0.397987 0.13042 -0.273125 0.422519 0.156886 -0.216482 0.299035 0.39212 -0.0825805 0.249971 0.418587 -0.110902 0.126488 0.30097 -0.378705 0.15102 0.248037 -0.407027 0.249971 0.418587 -0.110902 0.299035 0.39212 -0.0825805 0.15102 0.248037 -0.407027 0.126488 0.30097 -0.378705 0.422519 0.156886 -0.216482 0.397987 0.13042 -0.273125 0.422519 0.156886 -0.216482 0.126488 0.30097 -0.378705 0.249971 0.418587 -0.110902 0.397987 0.13042 -0.273125 0.15102 0.248037 -0.407027 0.299035 0.39212 -0.0825805 0.299035 0.39212 -0.0825805 0.249971 0.418587 -0.110902 0.422519 0.156886 -0.216482 0.126488 0.30097 -0.378705 0.397987 0.13042 -0.273125 
0.424701 0.199951 0.172187 0.424701 0.199951 0.172187 -0.306325 0.299447 0.257868 0.424701 0.199951 0.172187 0.424701 0.199951 0.172187 -0.306325 0.299447 0.257868 -0.306325 0.299447 0.257868 0.424701 0.199951 0.172187 0.424701 0.199951 0.172187 -0.306325 0.299447 0.257868 0.424701 0.199951 0.172187 0.424701 0.199951 0.172187 -0.306325 0.299447 0.257868 0.424701 0.199951 0.172187 0.424701 0.199951 0.172187 -0.306325 0.299447 0.257868 0.424701 0.199951 0.172187 0.424701 0.199951 0.172187 -0.306325 0.299447 0.257868 -0.306325 0.299447 0.257868 -0.306325 0.299447 0.257868 -0.306325 0.299447 0.257868 -0.306325 0.299447 0.257868 -0.306325 0.299447 0.257868 
0.424701 0.144423 -0.220841 0.424701 0.144423 -0.220841 -0.306325 0.21629 -0.330732 0.424701 0.144423 -0.220841 0.424701 0.144423 -0.220841 -0.306325 0.21629 -0.330732 -0.306325 0.21629 -0.330732 0.424701 0.144423 -0.220841 0.424701 0.144423 -0.220841 -0.306325 0.21629 -0.330732 0.424701 0.144423 -0.220841 0.424701 0.144423 -0.220841 -0.306325 0.21629 -0.330732 0.424701 0.144423 -0.220841 0.424701 0.144423 -0.220841 -0.306325 0.21629 -0.330732 0.424701 0.144423 -0.220841 0.424701 0.144423 -0.220841 -0.306325 0.21629 -0.330732 -0.306325 0.21629 -0.330732 -0.306325 0.21629 -0.330732 -0.306325 0.21629 -0.330732 -0.306325 0.21629 -0.330732 -0.306325 0.21629 -0.330732 

0.339814 0.216653 -0.295953 -0.233658 0.261112 -0.356685 -0.233658 0.261112 -0.356685 -0.233658 0.261112 -0.356685 0.339814 0.216653 -0.295953 0.339814 0.216653 -0.295953 -0.233658 0.261112 -0.356685 0.339814 0.216653 -0.295953 -0.233658 0.261112 -0.356685 -0.233658 0.261112 -0.356685 -0.233658 0.261112 -0.356685 0.339814 0.216653 -0.295953 0.339814 0.216653 -0.295953 0.339814 0.216653 -0.295953 -0.233658 0.261112 -0.356685 -0.233658 0.261112 -0.356685 -0.233658 0.261112 -0.356685 0.339814 0.216653 -0.295953 0.339814 0.216653 -0.295953 0.339814 0.216653 -0.295953 -0.233658 0.261112 -0.356685 -0.233658 0.261112 -0.356685 0.339814 0.216653 -0.295953 0.339814 0.216653 -0.295953 
0.29916 0.283287 -0.283287 -0.29916 0.283287 -0.283287 -0.29916 0.283287 -0.283287 -0.29916 0.283287 -0.283287 0.29916 0.283287 -0.283287 0.29916 0.283287 -0.283287 -0.29916 0.283287 -0.283287 0.29916 0.283287 -0.283287 -0.29916 0.283287 -0.283287 -0.29916 0.283287 -0.283287 -0.29916 0.283287 -0.283287 0.29916 0.283287 -0.283287 0.29916 0.283287 -0.283287 0.29916 0.283287 -0.283287 -0.29916 0.283287 -0.283287 -0.29916 0.283287 -0.283287 -0.29916 0.283287 -0.283287 0.29916 0.283287 -0.283287 0.29916 0.283287 -0.283287 0.29916 0.283287 -0.283287 -0.29916 0.283287 -0.283287 -0.29916 0.283287 -0.283287 0.29916 0.283287 -0.283287 0.29916 0.283287 -0.283287 
0.233658 0.356685 -0.261112 -0.339814 0.295953 -0.216653 -0.339814 0.295953 -0.216653 -0.339814 0.295953 -0.216653 0.233658 0.356685 -0.261112 0.233658 0.356685 -0.261112 -0.339814 0.295953 -0.216653 0.233658 0.356685 -0.261112 -0.339814 0.295953 -0.216653 -0.339814 0.295953 -0.216653 -0.339814 0.295953 -0.216653 0.233658 0.356685 -0.261112 0.233658 0.356685 -0.261112 0.233658 0.356685 -0.261112 -0.339814 0.295953 -0.216653 -0.339814 0.295953 -0.216653 -0.339814 0.295953 -0.216653 0.233658 0.356685 -0.261112 0.233658 0.356685 -0.261112 0.233658 0.356685 -0.261112 -0.339814 0.295953 -0.216653 -0.339814 0.295953 -0.216653 0.233658 0.356685 -0.261112 0.233658 0.356685 -0.261112 
-0.150667 0.293505 -0.375705 -0.222501 0.277243 -0.351611 -0.349506 0.356905 -0.0215573 -0.313589 0.38943 0.00253701 -0.059579 0.469092 -0.16249 -0.0236623 0.45283 -0.210678 -0.150667 0.293505 -0.375705 -0.059579 0.469092 -0.16249 -0.313589 0.38943 0.00253701 -0.150667 0.293505 -0.375705 -0.0236623 0.45283 -0.210678 -0.349506 0.356905 -0.0215573 -0.222501 0.277243 -0.351611 -0.349506 0.356905 -0.0215573 -0.0236623 0.45283 -0.210678 -0.059579 0.469092 -0.16249 -0.222501 0.277243 -0.351611 -0.150667 0.293505 -0.375705 -0.313589 0.38943 0.00253701 -0.313589 0.38943 0.00253701 -0.059579 0.469092 -0.16249 -0.349506 0.356905 -0.0215573 -0.0236623 0.45283 -0.210678 -0.222501 0.277243 -0.351611 
-0.202824 0.316425 0.329754 -0.202824 0.316425 0.329754 -0.231422 0.361041 -0.257087 -0.231422 0.361041 -0.257087 -0.231422 0.361041 -0.257087 -0.202824 0.316425 0.329754 -0.202824 0.316425 0.329754 -0.202824 0.316425 0.329754 -0.202824 0.316425 0.329754 -0.231422 0.361041 -0.257087 -0.231422 0.361041 -0.257087 -0.231422 0.361041 -0.257087 -0.202824 0.316425 0.329754 -0.202824 0.316425 0.329754 -0.202824 0.316425 0.329754 -0.231422 0.361041 -0.257087 -0.231422 0.361041 -0.257087 -0.231422 0.361041 -0.257087 -0.202824 0.316425 0.329754 -0.231422 0.361041 -0.257087 -0.202824 0.316425 0.329754 -0.202824 0.316425 0.329754 -0.231422 0.361041 -0.257087 -0.231422 0.361041 -0.257087 
0.0098021 0.349508 0.357418 -0.247223 0.336424 0.275135 -0.334725 0.364387 -0.07198 -0.334725 0.364387 -0.07198 0.103756 0.449884 -0.191934 0.0098021 0.349508 0.357418 -0.247223 0.336424 0.275135 0.0098021 0.349508 0.357418 -0.247223 0.336424 0.275135 -0.334725 0.364387 -0.07198 -0.334725 0.364387 -0.07198 0.103756 0.449884 -0.191934 0.0098021 0.349508 0.357418 0.0098021 0.349508 0.357418 -0.247223 0.336424 0.275135 -0.334725 0.364387 -0.07198 -0.334725 0.364387 -0.07198 0.103756 0.449884 -0.191934 0.0098021 0.349508 0.357418 0.103756 0.449884 -0.191934 -0.247223 0.336424 0.275135 -0.247223 0.336424 0.275135 0.103756 0.449884 -0.191934 0.103756 0.449884 -0.191934 
0.329229 0.3247 0.190205 -0.258097 0.369506 0.216452 -0.258097 0.369506 0.216452 -0.258097 0.369506 0.216452 0.329229 0.3247 0.190205 0.329229 0.3247 0.190205 -0.258097 0.369506 0.216452 0.329229 0.3247 0.190205 -0.258097 0.369506 0.216452 -0.258097 0.369506 0.216452 -0.258097 0.369506 0.216452 0.329229 0.3247 0.190205 0.329229 0.3247 0.190205 0.329229 0.3247 0.190205 -0.258097 0.369506 0.216452 -0.258097 0.369506 0.216452 -0.258097 0.369506 0.216452 0.329229 0.3247 0.190205 0.329229 0.3247 0.190205 0.329229 0.3247 0.190205 -0.258097 0.369506 0.216452 -0.258097 0.369506 0.216452 0.329229 0.3247 0.190205 0.329229 0.3247 0.190205 
0.0787664 0.2802 0.406551 0.263703 0.225453 0.360044 0.383482 0.283775 0.149713 0.291013 0.393268 0.103205 0.0514565 0.45159 0.208371 -0.0410119 0.396843 0.301386 0.0787664 0.2802 0.406551 0.0514565 0.45159 0.208371 0.291013 0.393268 0.103205 0.0787664 0.2802 0.406551 -0.0410119 0.396843 0.301386 0.383482 0.283775 0.149713 0.263703 0.225453 0.360044 0.383482 0.283775 0.149713 -0.0410119 0.396843 0.301386 0.0514565 0.45159 0.208371 0.263703 0.225453 0.360044 0.0787664 0.2802 0.406551 0.291013 0.393268 0.103205 0.291013 0.393268 0.103205 0.0514565 0.45159 0.208371 0.383482 0.283775 0.149713 -0.0410119 0.396843 0.301386 0.263703 0.225453 0.360044 
0.296612 0.388052 0.106945 0.231127 0.420794 0.139687 0.106945 0.296612 0.388052 0.139687 0.231127 0.420794 0.388052 0.106945 0.296612 0.420794 0.139687 0.231127 0.296612 0.388052 0.106945 0.388052 0.106945 0.296612 0.139687 0.231127 0.420794 0.296612 0.388052 0.106945 0.420794 0.139687 0.231127 0.106945 0.296612 0.388052 0.231127 0.420794 0.139687 0.106945 0.296612 0.388052 0.420794 0.139687 0.231127 0.388052 0.106945 0.296612 0.231127 0.420794 0.139687 0.296612 0.388052 0.106945 0.139687 0.231127 0.420794 0.139687 0.231127 0.420794 0.388052 0.106945 0.296612 0.106945 0.296612 0.388052 0.420794 0.139687 0.231127 0.231127 0.420794 0.139687 
0.263654 0.263654 -0.333127 0.263654 0.263654 -0.333127 0.306114 0.306114 0.250178 0.306114 0.306114 0.250178 0.306114 0.306114 0.250178 0.263654 0.263654 -0.333127 0.263654 0.263654 -0.333127 0.263654 0.263654 -0.333127 0.263654 0.263654 -0.333127 0.306114 0.306114 0.250178 0.306114 0.306114 0.250178 0.306114 0.306114 0.250178 0.263654 0.263654 -0.333127 0.263654 0.263654 -0.333127 0.263654 0.263654 -0.333127 0.306114 0.306114 0.250178 0.306114 0.306114 0.250178 0.306114 0.306114 0.250178 0.263654 0.263654 -0.333127 0.306114 0.306114 0.250178 0.263654 0.263654 -0.333127 0.263654 0.263654 -0.333127 0.306114 0.306114 0.250178 0.306114 0.306114 0.250178 
0.174301 0.26693 -0.385185 0.412741 0.170242 -0.225083 0.431838 0.196833 -0.157393 0.312618 0.390209 0.00270929 0.274424 0.4168 -0.0311358 0.155204 0.320112 -0.35134 0.174301 0.26693 -0.385185 0.274424 0.4168 -0.0311358 0.312618 0.390209 0.00270929 0.174301 0.26693 -0.385185 0.155204 0.320112 -0.35134 0.431838 0.196833 -0.157393 0.412741 0.170242 -0.225083 0.431838 0.196833 -0.157393 0.155204 0.320112 -0.35134 0.274424 0.4168 -0.0311358 0.412741 0.170242 -0.225083 0.174301 0.26693 -0.385185 0.312618 0.390209 0.00270929 0.312618 0.390209 0.00270929 0.274424 0.4168 -0.0311358 0.431838 0.196833 -0.157393 0.155204 0.320112 -0.35134 0.412741 0.170242 -0.225083 
0.0789774 0.280401 0.406372 0.263604 0.225765 0.359921 0.383204 0.283996 0.150002 0.290891 0.393268 0.103551 0.0516901 0.451499 0.208511 -0.0406232 0.396863 0.301412 0.0789774 0.280401 0.406372 0.0516901 0.451499 0.208511 0.290891 0.393268 0.103551 0.0789774 0.280401 0.406372 -0.0406232 0.396863 0.301412 0.383204 0.283996 0.150002 0.263604 0.225765 0.359921 0.383204 0.283996 0.150002 -0.0406232 0.396863 0.301412 0.0516901 0.451499 0.208511 0.263604 0.225765 0.359921 0.0789774 0.280401 0.406372 0.290891 0.393268 0.103551 0.290891 0.393268 0.103551 0.0516901 0.451499 0.208511 0.383204 0.283996 0.150002 -0.0406232 0.396863 0.301412 0.263604 0.225765 0.359921 
0.329123 0.32478 0.190252 -0.25794 0.369588 0.216499 -0.25794 0.369588 0.216499 -0.25794 0.369588 0.216499 0.329123 0.32478 0.190252 0.329123 0.32478 0.190252 -0.25794 0.369588 0.216499 0.329123 0.32478 0.190252 -0.25794 0.369588 0.216499 -0.25794 0.369588 0.216499 -0.25794 0.369588 0.216499 0.329123 0.32478 0.190252 0.329123 0.32478 0.190252 0.329123 0.32478 0.190252 -0.25794 0.369588 0.216499 -0.25794 0.369588 0.216499 -0.25794 0.369588 0.216499 0.329123 0.32478 0.190252 0.329123 0.32478 0.190252 0.329123 0.32478 0.190252 -0.25794 0.369588 0.216499 -0.25794 0.369588 0.216499 0.329123 0.32478 0.190252 0.329123 0.32478 0.190252 
0.33167 0.33167 0.173176 0.33167 0.33167 0.173176 0.33167 0.33167 0.173176 0.33167 0.33167 0.173176 0.33167 0.33167 0.173176 0.33167 0.33167 0.173176 0.33167 0.33167 0.173176 0.33167 0.33167 0.173176 0.33167 0.33167 0.173176 0.33167 0.33167 0.173176 0.33167 0.33167 0.173176 0.33167 0.33167 0.173176 0.33167 0.33167 0.173176 0.33167 0.33167 0.173176 0.33167 0.33167 0.173176 0.33167 0.33167 0.173176 0.33167 0.33167 0.173176 0.33167 0.33167 0.173176 0.33167 0.33167 0.173176 0.33167 0.33167 0.173176 0.33167 0.33167 0.173176 0.33167 0.33167 0.173176 0.33167 0.33167 0.173176 0.33167 0.33167 0.173176 
0.421554 0.167507 -0.210317 0.0756484 0.339439 -0.359247 0.149699 0.420534 -0.225259 0.322652 0.0766693 -0.374189 0.174551 0.157764 -0.441183 0.347504 0.329696 -0.143323 0.421554 0.167507 -0.210317 0.174551 0.157764 -0.441183 0.322652 0.0766693 -0.374189 0.421554 0.167507 -0.210317 0.347504 0.329696 -0.143323 0.149699 0.420534 -0.225259 0.0756484 0.339439 -0.359247 0.149699 0.420534 -0.225259 0.347504 0.329696 -0.143323 0.174551 0.157764 -0.441183 0.0756484 0.339439 -0.359247 0.421554 0.167507 -0.210317 0.322652 0.0766693 -0.374189 0.322652 0.0766693 -0.374189 0.174551 0.157764 -0.441183 0.149699 0.420534 -0.225259 0.347504 0.329696 -0.143323 0.0756484 0.339439 -0.359247 
0.0349725 0.358781 -0.346486 0.338317 0.245589 -0.274276 0.14675 0.0734526 -0.472302 -0.00492202 0.299837 -0.400092 0.378212 0.1277 -0.301079 0.226539 0.0145081 -0.445499 0.0349725 0.358781 -0.346486 0.378212 0.1277 -0.301079 -0.00492202 0.299837 -0.400092 0.0349725 0.358781 -0.346486 0.226539 0.0145081 -0.445499 0.14675 0.0734526 -0.472302 0.338317 0.245589 -0.274276 0.14675 0.0734526 -0.472302 0.226539 0.0145081 -0.445499 0.378212 0.1277 -0.301079 0.338317 0.245589 -0.274276 0.0349725 0.358781 -0.346486 -0.00492202 0.299837 -0.400092 -0.00492202 0.299837 -0.400092 0.378212 0.1277 -0.301079 0.14675 0.0734526 -0.472302 0.226539 0.0145081 -0.445499 0.338317 0.245589 -0.274276 
0.0416416 0.184995 -0.462647 0.331526 0.00577273 -0.374242 0.333905 0.00736121 -0.372093 0.188963 0.365807 -0.283687 0.184205 0.367395 -0.284762 0.0392627 0.188172 -0.461573 0.0416416 0.184995 -0.462647 0.184205 0.367395 -0.284762 0.188963 0.365807 -0.283687 0.0416416 0.184995 -0.462647 0.0392627 0.188172 -0.461573 0.333905 0.00736121 -0.372093 0.331526 0.00577273 -0.374242 0.333905 0.00736121 -0.372093 0.0392627 0.188172 -0.461573 0.184205 0.367395 -0.284762 0.331526 0.00577273 -0.374242 0.0416416 0.184995 -0.462647 0.188963 0.365807 -0.283687 0.188963 0.365807 -0.283687 0.184205 0.367395 -0.284762 0.333905 0.00736121 -0.372093 0.0392627 0.188172 -0.461573 0.331526 0.00577273 -0.374242 
0.454023 0.194729 -0.0770958 -0.435303 0.23249 -0.0803723 -0.435303 0.23249 -0.0803723 -0.478673 -0.118688 -0.0823724 0.486905 -0.0829566 -0.0777289 0.486905 -0.0829566 -0.0777289 -0.478673 -0.118688 -0.0823724 0.454023 0.194729 -0.0770958 -0.435303 0.23249 -0.0803723 -0.435303 0.23249 -0.0803723 -0.478673 -0.118688 -0.0823724 0.486905 -0.0829566 -0.0777289 0.486905 -0.0829566 -0.0777289 0.454023 0.194729 -0.0770958 -0.435303 0.23249 -0.0803723 -0.435303 0.23249 -0.0803723 -0.478673 -0.118688 -0.0823724 0.486905 -0.0829566 -0.0777289 0.486905 -0.0829566 -0.0777289 0.454023 0.194729 -0.0770958 -0.478673 -0.118688 -0.0823724 -0.478673 -0.118688 -0.0823724 0.454023 0.194729 -0.0770958 0.454023 0.194729 -0.0770958
-0.393235 0.246706 0.185749 -0.393235 0.246706 0.185749 0.440784 0.188559 0.141969 -0.393235 0.246706 0.185749 -0.393235 0.246706 0.185749 0.440784 0.188559 0.141969 0.440784 0.188559 0.141969 -0.393235 0.246706 0.185749 -0.393235 0.246706 0.185749 0.440784 0.188559 0.141969 -0.393235 0.246706 0.185749 -0.393235 0.246706 0.185749 0.440784 0.188559 0.141969 -0.393235 0.246706 0.185749 -0.393235 0.246706 0.185749 0.440784 0.188559 0.141969 -0.393235 0.246706 0.185749 -0.393235 0.246706 0.185749 0.440784 0.188559 0.141969 0.440784 0.188559 0.141969 0.440784 0.188559 0.141969 0.440784 0.188559 0.141969 0.440784 0.188559 0.141969 0.440784 0.188559 0.141969
0.406408 0.265658 0.11941 0.406408 0.265658 0.11941 -0.418806 0.249124 0.111979 0.406408 0.265658 0.11941 0.406408 0.265658 0.11941 -0.418806 0.249124 0.111979 -0.418806 0.249124 0.111979 0.406408 0.265658 0.11941 0.406408 0.265658 0.11941 -0.418806 0.249124 0.111979 0.406408 0.265658 0.11941 0.406408 0.265658 0.11941 -0.418806 0.249124 0.111979 0.406408 0.265658 0.11941 0.406408 0.265658 0.11941 -0.418806 0.249124 0.111979 0.406408 0.265658 0.11941 0.406408 0.265658 0.11941 -0.418806 0.249124 0.111979 -0.418806 0.249124 0.111979 -0.418806 0.249124 0.111979 -0.418806 0.249124 0.111979 -0.418806 0.249124 0.111979 -0.418806 0.249124 0.111979
-0.103183 0.206367 -0.443583 -0.13849 0.27698 0.392559 -0.13849 0.27698 0.392559 -0.103183 0.206367 -0.443583 -0.13849 0.27698 0.392559 -0.13849 0.27698 0.392559 -0.103183 0.206367 -0.443583 -0.103183 0.206367 -0.443583 -0.13849 0.27698 0.392559 -0.13849 0.27698 0.392559 -0.103183 0.206367 -0.443583 -0.13849 0.27698 0.392559 -0.13849 0.27698 0.392559 -0.103183 0.206367 -0.443583 -0.13849 0.27698 0.392559 -0.13849 0.27698 0.392559 -0.103183 0.206367 -0.443583 -0.13849 0.27698 0.392559 -0.13849 0.27698 0.392559 -0.103183 0.206367 -0.443583 -0.103183 0.206367 -0.443583 -0.103183 0.206367 -0.443583 -0.103183 0.206367 -0.443583 -0.103183 0.206367 -0.443583
-0.199937 0.199937 -0.412372 -0.199937 0.199937 0.412372 -0.199937 0.199937 0.412372 -0.199937 0.199937 -0.412372 -0.199937 0.199937 0.412372 -0.199937 0.199937 0.412372 -0.199937 0.199937 -0.412372 -0.199937 0.199937 -0.412372 -0.199937 0.199937 0.412372 -0.199937 0.199937 0.412372 -0.199937 0.199937 -0.412372 -0.199937 0.199937 0.412372 -0.199937 0.199937 0.412372 -0.199937 0.199937 -0.412372 -0.199937 0.199937 0.412372 -0.199937 0.199937 0.412372 -0.199937 0.199937 -0.412372 -0.199937 0.199937 0.412372 -0.199937 0.199937 0.412372 -0.199937 0.199937 -0.412372 -0.199937 0.199937 -0.412372 -0.199937 0.199937 -0.412372 -0.199937 0.199937 -0.412372 -0.199937 0.199937 -0.412372
0.0346357 0.35898 -0.346314 0.338532 0.245639 -0.273966 0.14664 0.0732425 -0.472369 -0.00530807 0.299925 -0.400021 0.378476 0.127529 -0.30082 0.226528 0.0141874 -0.445515 0.0346357 0.35898 -0.346314 0.378476 0.127529 -0.30082 -0.00530807 0.299925 -0.400021 0.0346357 0.35898 -0.346314 0.226528 0.0141874 -0.445515 0.14664 0.0732425 -0.472369 0.338532 0.245639 -0.273966 0.14664 0.0732425 -0.472369 0.226528 0.0141874 -0.445515 0.378476 0.127529 -0.30082 0.338532 0.245639 -0.273966 0.0346357 0.35898 -0.346314 -0.00530807 0.299925 -0.400021 -0.00530807 0.299925 -0.400021 0.378476 0.127529 -0.30082 0.14664 0.0732425 -0.472369 0.226528 0.0141874 -0.445515 0.338532 0.245639 -0.273966
-0.353553 0.353553 -0.000000 -0.353553 0.353553 -0.000000 -0.353553 0.353553 -0.000000 -0.353553 0.353553 -0.000000 -0.353553 0.353553 -0.000000 -0.353553 0.353553 -0.000000 -0.353553 0.353553 -0.000000 -0.353553 0.353553 -0.000000 -0.353553 0.353553 -0.000000 -0.353553 0.353553 -0.000000 -0.353553 0.353553 -0.000000 -0.353553 0.353553 -0.000000 -0.353553 0.353553 -0.000000 -0.353553 0.353553 -0.000000 -0.353553 0.353553 -0.000000 -0.353553 0.353553 -0.000000 -0.353553 0.353553 -0.000000 -0.353553 0.353553 -0.000000 -0.353553 0.353553 -0.000000 -0.353553 0.353553 -0.000000 -0.353553 0.353553 -0.000000 -0.353553 0.353553 -0.000000 -0.353553 0.353553 -0.000000 -0.353553 0.353553 -0.000000
0.204124, 0.204124, -0.408248 -0.204124, -0.204124, 0.408248 -0.204124, -0.204124, 0.408248 0.204124, 0.204124, -0.408248 -0.204124, -0.204124, 0.408248 -0.204124, -0.204124, 0.408248 0.204124, 0.204124, -0.408248 0.204124, 0.204124, -0.408248 -0.204124, -0.204124, 0.408248 -0.204124, -0.204124, 0.408248 0.204124, 0.204124, -0.408248 -0.204124, -0.204124, 0.408248 -0.204124, -0.204124, 0.408248 0.204124, 0.204124, -0.408248 -0.204124, -0.204124, 0.408248 -0.204124, -0.204124, 0.408248 0.204124, 0.204124, -0.408248 -0.204124, -0.204124, 0.408248 -0.204124, -0.204124, 0.408248 0.204124, 0.204124, -0.408248 0.204124, 0.204124, -0.408248 0.204124, 0.204124, -0.408248 0.204124, 0.204124, -0.408248 0.204124, 0.204124, -0.408248
0.204124, 0.204124, -0.408248 -0.204124, -0.204124, 0.408248 0.204124, 0.204124, -0.408248 -0.204124, -0.204124, 0.408248 0.204124, 0.204124, -0.408248 -0.204124, -0.204124, 0.408248 0.204124, 0.204124, -0.408248 0.204124, 0.204124, -0.408248 -0.204124, -0.204124, 0.408248 0.204124, 0.204124, -0.408248 -0.204124, -0.204124, 0.408248 0.204124, 0.204124, -0.408248 -0.204124, -0.204124, 0.408248 0.204124, 0.204124, -0.408248 -0.204124, -0.204124, 0.408248 0.204124, 0.204124, -0.408248 -0.204124, -0.204124, 0.408248 0.204124, 0.204124, -0.408248 -0.204124, -0.204124, 0.408248 -0.204124, -0.204124, 0.408248 0.204124, 0.204124, -0.408248 0.204124, 0.204124, -0.408248 -0.204124, -0.204124, 0.408248 -0.204124, -0.204124, 0.408248
0.204124, 0.204124, -0.408248 0.204124, 0.204124, -0.408248 -0.204124, -0.204124, 0.408248 -0.204124, -0.204124, 0.408248 -0.204124, -0.204124, 0.408248 0.204124, 0.204124, -0.408248 0.204124, 0.204124, -0.408248 0.204124, 0.204124, -0.408248 0.204124, 0.204124, -0.408248 -0.204124, -0.204124, 0.408248 -0.204124, -0.204124, 0.408248 -0.204124, -0.204124, 0.408248 0.204124, 0.204124, -0.408248 0.204124, 0.204124, -0.408248 0.204124, 0.204124, -0.408248 -0.204124, -0.204124, 0.408248 -0.204124, -0.204124, 0.408248 -0.204124, -0.204124, 0.408248 0.204124, 0.204124, -0.408248 -0.204124, -0.204124, 0.408248 0.204124, 0.204124, -0.408248 0.204124, 0.204124, -0.408248 -0.204124, -0.204124, 0.408248 -0.204124, -0.204124, 0.408248 
-0.0654361 0.0654361 -0.491362 -0.0654361 0.0654361 0.491362 -0.0654361 0.0654361 0.491362 -0.0654361 0.0654361 -0.491362 -0.0654361 0.0654361 0.491362 -0.0654361 0.0654361 0.491362 -0.0654361 0.0654361 -0.491362 -0.0654361 0.0654361 -0.491362 -0.0654361 0.0654361 0.491362 -0.0654361 0.0654361 0.491362 -0.0654361 0.0654361 -0.491362 -0.0654361 0.0654361 0.491362 -0.0654361 0.0654361 0.491362 -0.0654361 0.0654361 -0.491362 -0.0654361 0.0654361 0.491362 -0.0654361 0.0654361 0.491362 -0.0654361 0.0654361 -0.491362 -0.0654361 0.0654361 0.491362 -0.0654361 0.0654361 0.491362 -0.0654361 0.0654361 -0.491362 -0.0654361 0.0654361 -0.491362 -0.0654361 0.0654361 -0.491362 -0.0654361 0.0654361 -0.491362 -0.0654361 0.0654361 -0.491362
-0.115251 0.115251 0.472688 -0.115251 0.115251 0.472688 -0.115251 0.115251 -0.472688 -0.115251 0.115251 -0.472688 -0.115251 0.115251 -0.472688 -0.115251 0.115251 0.472688 -0.115251 0.115251 0.472688 -0.115251 0.115251 0.472688 -0.115251 0.115251 0.472688 -0.115251 0.115251 -0.472688 -0.115251 0.115251 -0.472688 -0.115251 0.115251 -0.472688 -0.115251 0.115251 0.472688 -0.115251 0.115251 0.472688 -0.115251 0.115251 0.472688 -0.115251 0.115251 -0.472688 -0.115251 0.115251 -0.472688 -0.115251 0.115251 -0.472688 -0.115251 0.115251 0.472688 -0.115251 0.115251 -0.472688 -0.115251 0.115251 0.472688 -0.115251 0.115251 0.472688 -0.115251 0.115251 -0.472688 -0.115251 0.115251 -0.472688
0.477463 0.0776609 -0.126481 -0.472728 0.085224 -0.138798 -0.472728 0.085224 -0.138798 -0.472728 0.085224 -0.138798 0.477463 0.0776609 -0.126481 0.477463 0.0776609 -0.126481 -0.472728 0.085224 -0.138798 0.477463 0.0776609 -0.126481 -0.472728 0.085224 -0.138798 -0.472728 0.085224 -0.138798 -0.472728 0.085224 -0.138798 0.477463 0.0776609 -0.126481 0.477463 0.0776609 -0.126481 0.477463 0.0776609 -0.126481 -0.472728 0.085224 -0.138798 -0.472728 0.085224 -0.138798 -0.472728 0.085224 -0.138798 0.477463 0.0776609 -0.126481 0.477463 0.0776609 -0.126481 0.477463 0.0776609 -0.126481 -0.472728 0.085224 -0.138798 -0.472728 0.085224 -0.138798 0.477463 0.0776609 -0.126481 0.477463 0.0776609 -0.126481 
0.279857 0.279857 -0.305549 0.0187258 0.373256 -0.332158 0.0187258 0.373256 -0.332158 -0.0923504 -0.0923504 -0.482641 0.373256 0.0187258 -0.332158 0.373256 0.0187258 -0.332158 -0.0923504 -0.0923504 -0.482641 0.279857 0.279857 -0.305549 0.0187258 0.373256 -0.332158 0.0187258 0.373256 -0.332158 -0.0923504 -0.0923504 -0.482641 0.373256 0.0187258 -0.332158 0.373256 0.0187258 -0.332158 0.279857 0.279857 -0.305549 0.0187258 0.373256 -0.332158 0.0187258 0.373256 -0.332158 -0.0923504 -0.0923504 -0.482641 0.373256 0.0187258 -0.332158 0.373256 0.0187258 -0.332158 0.279857 0.279857 -0.305549 -0.0923504 -0.0923504 -0.482641 -0.0923504 -0.0923504 -0.482641 0.279857 0.279857 -0.305549 0.279857 0.279857 -0.305549
0.204124 0.204124 -0.408248 0.204124 0.204124 -0.408248 0.204124 0.204124 -0.408248 0.204124 0.204124 -0.408248 0.204124 0.204124 -0.408248 0.204124 0.204124 -0.408248 0.204124 0.204124 -0.408248 0.204124 0.204124 -0.408248 0.204124 0.204124 -0.408248 0.204124 0.204124 -0.408248 0.204124 0.204124 -0.408248 0.204124 0.204124 -0.408248 0.204124 0.204124 -0.408248 0.204124 0.204124 -0.408248 0.204124 0.204124 -0.408248 0.204124 0.204124 -0.408248 0.204124 0.204124 -0.408248 0.204124 0.204124 -0.408248 0.204124 0.204124 -0.408248 0.204124 0.204124 -0.408248 0.204124 0.204124 -0.408248 0.204124 0.204124 -0.408248 0.204124 0.204124 -0.408248 0.204124 0.204124 -0.408248
-0.376907 0.324306 0.052601 -0.376907 0.324306 0.052601 -0.376907 0.324306 0.052601 -0.376907 0.324306 0.052601 -0.376907 0.324306 0.052601 -0.376907 0.324306 0.052601 -0.376907 0.324306 0.052601 -0.376907 0.324306 0.052601 -0.376907 0.324306 0.052601 -0.376907 0.324306 0.052601 -0.376907 0.324306 0.052601 -0.376907 0.324306 0.052601 -0.376907 0.324306 0.052601 -0.376907 0.324306 0.052601 -0.376907 0.324306 0.052601 -0.376907 0.324306 0.052601 -0.376907 0.324306 0.052601 -0.376907 0.324306 0.052601 -0.376907 0.324306 0.052601 -0.376907 0.324306 0.052601 -0.376907 0.324306 0.052601 -0.376907 0.324306 0.052601 -0.376907 0.324306 0.052601 -0.376907 0.324306 0.052601
-0.359363 0.347442 0.011921 -0.359363 0.347442 0.011921 -0.359363 0.347442 0.011921 -0.359363 0.347442 0.011921 -0.359363 0.347442 0.011921 -0.359363 0.347442 0.011921 -0.359363 0.347442 0.011921 -0.359363 0.347442 0.011921 -0.359363 0.347442 0.011921 -0.359363 0.347442 0.011921 -0.359363 0.347442 0.011921 -0.359363 0.347442 0.011921 -0.359363 0.347442 0.011921 -0.359363 0.347442 0.011921 -0.359363 0.347442 0.011921 -0.359363 0.347442 0.011921 -0.359363 0.347442 0.011921 -0.359363 0.347442 0.011921 -0.359363 0.347442 0.011921 -0.359363 0.347442 0.011921 -0.359363 0.347442 0.011921 -0.359363 0.347442 0.011921 -0.359363 0.347442 0.011921 -0.359363 0.347442 0.011921
-0.204124 -0.204124 0.408248 -0.204124 -0.204124 0.408248 -0.204124 -0.204124 0.408248 -0.204124 -0.204124 0.408248 -0.204124 -0.204124 0.408248 -0.204124 -0.204124 0.408248 -0.204124 -0.204124 0.408248 -0.204124 -0.204124 0.408248 -0.204124 -0.204124 0.408248 -0.204124 -0.204124 0.408248 -0.204124 -0.204124 0.408248 -0.204124 -0.204124 0.408248 -0.204124 -0.204124 0.408248 -0.204124 -0.204124 0.408248 -0.204124 -0.204124 0.408248 -0.204124 -0.204124 0.408248 -0.204124 -0.204124 0.408248 -0.204124 -0.204124 0.408248 -0.204124 -0.204124 0.408248 -0.204124 -0.204124 0.408248 -0.204124 -0.204124 0.408248 -0.204124 -0.204124 0.408248 -0.204124 -0.204124 0.408248 -0.204124 -0.204124 0.408248
0.295319 0.295319 0.274906 -0.281711 -0.281711 -0.302123 0.295319 0.295319 0.274906 -0.281711 -0.281711 -0.302123 0.295319 0.295319 0.274906 -0.281711 -0.281711 -0.302123 0.295319 0.295319 0.274906 0.295319 0.295319 0.274906 -0.281711 -0.281711 -0.302123 0.295319 0.295319 0.274906 -0.281711 -0.281711 -0.302123 0.295319 0.295319 0.274906 -0.281711 -0.281711 -0.302123 0.295319 0.295319 0.274906 -0.281711 -0.281711 -0.302123 0.295319 0.295319 0.274906 -0.281711 -0.281711 -0.302123 0.295319 0.295319 0.274906 -0.281711 -0.281711 -0.302123 -0.281711 -0.281711 -0.302123 0.295319 0.295319 0.274906 0.295319 0.295319 0.274906 -0.281711 -0.281711 -0.302123 -0.281711 -0.281711 -0.302123
0.288675 0.288675 0.288675 0.288675 0.288675 0.288675 0.288675 0.288675 0.288675 0.288675 0.288675 0.288675 0.288675 0.288675 0.288675 0.288675 0.288675 0.288675 0.288675 0.288675 0.288675 0.288675 0.288675 0.288675 0.288675 0.288675 0.288675 0.288675 0.288675 0.288675 0.288675 0.288675 0.288675 0.288675 0.288675 0.288675 0.288675 0.288675 0.288675 0.288675 0.288675 0.288675 0.288675 0.288675 0.288675 0.288675 0.288675 0.288675 0.288675 0.288675 0.288675 0.288675 0.288675 0.288675 0.288675 0.288675 0.288675 0.288675 0.288675 0.288675 0.288675 0.288675 0.288675 0.288675 0.288675 0.288675 0.288675 0.288675 0.288675 0.288675 0.288675 0.288675
0.288675 0.288675 0.288675 -0.288675 -0.288675 -0.288675 -0.288675 -0.288675 -0.288675 0.288675 0.288675 0.288675 -0.288675 -0.288675 -0.288675 -0.288675 -0.288675 -0.288675 0.288675 0.288675 0.288675 0.288675 0.288675 0.288675 -0.288675 -0.288675 -0.288675 -0.288675 -0.288675 -0.288675 0.288675 0.288675 0.288675 -0.288675 -0.288675 -0.288675 -0.288675 -0.288675 -0.288675 0.288675 0.288675 0.288675 -0.288675 -0.288675 -0.288675 -0.288675 -0.288675 -0.288675 0.288675 0.288675 0.288675 -0.288675 -0.288675 -0.288675 -0.288675 -0.288675 -0.288675 0.288675 0.288675 0.288675 0.288675 0.288675 0.288675 0.288675 0.288675 0.288675 0.288675 0.288675 0.288675 0.288675 0.288675 0.288675
0.288675 0.288675 0.288675 -0.288675 -0.288675 -0.288675 0.288675 0.288675 0.288675 -0.288675 -0.288675 -0.288675 0.288675 0.288675 0.288675 -0.288675 -0.288675 -0.288675 0.288675 0.288675 0.288675 0.288675 0.288675 0.288675 -0.288675 -0.288675 -0.288675 0.288675 0.288675 0.288675 -0.288675 -0.288675 -0.288675 0.288675 0.288675 0.288675 -0.288675 -0.288675 -0.288675 0.288675 0.288675 0.288675 -0.288675 -0.288675 -0.288675 0.288675 0.288675 0.288675 -0.288675 -0.288675 -0.288675 0.288675 0.288675 0.288675 -0.288675 -0.288675 -0.288675 -0.288675 -0.288675 -0.288675 0.288675 0.288675 0.288675 0.288675 0.288675 0.288675 -0.288675 -0.288675 -0.288675 -0.288675 -0.288675 -0.288675
0.288675 0.288675 0.288675 0.288675 0.288675 0.288675 -0.288675 -0.288675 -0.288675 -0.288675 -0.288675 -0.288675 -0.288675 -0.288675 -0.288675 0.288675 0.288675 0.288675 0.288675 0.288675 0.288675 0.288675 0.288675 0.288675 0.288675 0.288675 0.288675 -0.288675 -0.288675 -0.288675 -0.288675 -0.288675 -0.288675 -0.288675 -0.288675 -0.288675 0.288675 0.288675 0.288675 0.288675 0.288675 0.288675 0.288675 0.288675 0.288675 -0.288675 -0.288675 -0.288675 -0.288675 -0.288675 -0.288675 -0.288675 -0.288675 -0.288675 0.288675 0.288675 0.288675 -0.288675 -0.288675 -0.288675 0.288675 0.288675 0.288675 0.288675 0.288675 0.288675 -0.288675 -0.288675 -0.288675 -0.288675 -0.288675 -0.288675
0.302166 0.302166 -0.259599 -0.273022 0.317676 -0.273022 -0.259599 0.302166 0.302166 -0.273022 -0.273022 0.317676 0.302166 -0.259599 0.302166 0.317676 -0.273022 -0.273022 -0.288675 -0.288675 -0.288675 0.302166 0.302166 -0.259599 -0.273022 0.317676 -0.273022 -0.259599 0.302166 0.302166 -0.273022 -0.273022 0.317676 0.302166 -0.259599 0.302166 0.317676 -0.273022 -0.273022 0.302166 0.302166 -0.259599 -0.273022 0.317676 -0.273022 -0.259599 0.302166 0.302166 -0.273022 -0.273022 0.317676 0.302166 -0.259599 0.302166 0.317676 -0.273022 -0.273022 0.288675 0.288675 0.288675 -0.288675 -0.288675 -0.288675 -0.288675 -0.288675 -0.288675 0.288675 0.288675 0.288675 0.288675 0.288675 0.288675
0.204354 0.204354 -0.408018 -0.204354 -0.204354 0.408018 -0.204354 -0.204354 0.408018 0.204354 0.204354 -0.408018 -0.204354 -0.204354 0.408018 -0.204354 -0.204354 0.408018 0.204354 0.204354 -0.408018 0.204354 0.204354 -0.408018 -0.204354 -0.204354 0.408018 -0.204354 -0.204354 0.408018 0.204354 0.204354 -0.408018 -0.204354 -0.204354 0.408018 -0.204354 -0.204354 0.408018 0.204354 0.204354 -0.408018 -0.204354 -0.204354 0.408018 -0.204354 -0.204354 0.408018 0.204354 0.204354 -0.408018 -0.204354 -0.204354 0.408018 -0.204354 -0.204354 0.408018 0.204354 0.204354 -0.408018 0.204354 0.204354 -0.408018 0.204354 0.204354 -0.408018 0.204354 0.204354 -0.408018 0.204354 0.204354 -0.408018
0.204354 0.204354 -0.408018 -0.204354 -0.204354 0.408018 0.204354 0.204354 -0.408018 -0.204354 -0.204354 0.408018 0.204354 0.204354 -0.408018 -0.204354 -0.204354 0.408018 0.204354 0.204354 -0.408018 0.204354 0.204354 -0.408018 -0.204354 -0.204354 0.408018 0.204354 0.204354 -0.408018 -0.204354 -0.204354 0.408018 0.204354 0.204354 -0.408018 -0.204354 -0.204354 0.408018 0.204354 0.204354 -0.408018 -0.204354 -0.204354 0.408018 0.204354 0.204354 -0.408018 -0.204354 -0.204354 0.408018 0.204354 0.204354 -0.408018 -0.204354 -0.204354 0.408018 -0.204354 -0.204354 0.408018 0.204354 0.204354 -0.408018 0.204354 0.204354 -0.408018 -0.204354 -0.204354 0.408018 -0.204354 -0.204354 0.408018
0.204354 0.204354 -0.408018 0.204354 0.204354 -0.408018 -0.204354 -0.204354 0.408018 -0.204354 -0.204354 0.408018 -0.204354 -0.204354 0.408018 0.204354 0.204354 -0.408018 0.204354 0.204354 -0.408018 0.204354 0.204354 -0.408018 0.204354 0.204354 -0.408018 -0.204354 -0.204354 0.408018 -0.204354 -0.204354 0.408018 -0.204354 -0.204354 0.408018 0.204354 0.204354 -0.408018 0.204354 0.204354 -0.408018 0.204354 0.204354 -0.408018 -0.204354 -0.204354 0.408018 -0.204354 -0.204354 0.408018 -0.204354 -0.204354 0.408018 0.204354 0.204354 -0.408018 -0.204354 -0.204354 0.408018 0.204354 0.204354 -0.408018 0.204354 0.204354 -0.408018 -0.204354 -0.204354 0.408018 -0.204354 -0.204354 0.408018
0.353035 0.353035 -0.0270676 -0.330437 0.374249 -0.0273588 -0.330437 0.374249 -0.0273582 -0.353009 -0.353009 -0.0277443 0.374249 -0.330437 -0.0273582 0.374249 -0.330437 -0.0273588 -0.353009 -0.353009 -0.0277449 0.353035 0.353035 -0.0270676 -0.330437 0.374249 -0.0273588 -0.330437 0.374249 -0.0273582 -0.353009 -0.353009 -0.0277443 0.374249 -0.330437 -0.0273582 0.374249 -0.330437 -0.0273588 0.353035 0.353035 -0.0270676 -0.330437 0.374249 -0.0273588 -0.330437 0.374249 -0.0273582 -0.353009 -0.353009 -0.0277443 0.374249 -0.330437 -0.0273582 0.374249 -0.330437 -0.0273588 0.353035 0.353035 -0.027067 -0.353009 -0.353009 -0.0277449 -0.353009 -0.353009 -0.0277449 0.353035 0.353035 -0.027067 0.353035 0.353035 -0.027067
-0.353391 0.353716 -0.000325 0.353391 -0.353716 0.000325 -0.353391 0.353716 -0.000325 0.353391 -0.353716 0.000325 -0.353391 0.353716 -0.000325 0.353391 -0.353716 0.000325 -0.353391 0.353716 -0.000325 -0.353391 0.353716 -0.000325 0.353391 -0.353716 0.000325 -0.353391 0.353716 -0.000325 0.353391 -0.353716 0.000325 -0.353391 0.353716 -0.000325 0.353391 -0.353716 0.000325 -0.353391 0.353716 -0.000325 0.353391 -0.353716 0.000325 -0.353391 0.353716 -0.000325 0.353391 -0.353716 0.000325 -0.353391 0.353716 -0.000325 0.353391 -0.353716 0.000325 0.353391 -0.353716 0.000325 -0.353391 0.353716 -0.000325 -0.353391 0.353716 -0.000325 0.353391 -0.353716 0.000325 0.353391 -0.353716 0.000325
-0.0236994 0.0237214 -0.498874 -0.0236996 0.0237214 -0.498874 -0.0237013 0.0237231 0.498874 -0.0237013 0.0237229 0.498874 -0.0237011 0.0237229 0.498874 -0.0236994 0.0237212 -0.498874 -0.0236996 0.0237212 -0.498874 -0.0236994 0.0237214 -0.498874 -0.0236996 0.0237214 -0.498874 -0.0237013 0.0237231 0.498874 -0.0237013 0.0237229 0.498874 -0.0237011 0.0237229 0.498874 -0.0236994 0.0237212 -0.498874 -0.0236994 0.0237214 -0.498874 -0.0236996 0.0237214 -0.498874 -0.0237013 0.0237231 0.498874 -0.0237013 0.0237229 0.498874 -0.0237011 0.0237229 0.498874 -0.0236994 0.0237212 -0.498874 -0.0237011 0.0237231 0.498874 -0.0236996 0.0237212 -0.498874 -0.0236996 0.0237212 -0.498874 -0.0237011 0.0237231 0.498874 -0.0237011 0.0237231 0.498874 
-0.196964 0.197145 0.415138 -0.196874 0.197055 -0.415223 -0.196874 0.197055 -0.415223 -0.196964 0.197145 0.415138 -0.196874 0.197055 -0.415223 -0.196874 0.197055 -0.415223 -0.196964 0.197145 0.415138 -0.196964 0.197145 0.415138 -0.196874 0.197055 -0.415223 -0.196874 0.197055 -0.415223 -0.196964 0.197145 0.415138 -0.196874 0.197055 -0.415223 -0.196874 0.197055 -0.415223 -0.196964 0.197145 0.415138 -0.196874 0.197055 -0.415223 -0.196874 0.197055 -0.415223 -0.196964 0.197145 0.415138 -0.196874 0.197055 -0.415223 -0.196874 0.197055 -0.415223 -0.196964 0.197145 0.415138 -0.196964 0.197145 0.415138 -0.196964 0.197145 0.415138 -0.196964 0.197145 0.415138 -0.196964 0.197145 0.415138 
-0.29464 0.224688 0.335712 -0.29464 0.224688 0.335712 -0.347081 0.264679 -0.243885 -0.347081 0.264679 -0.243885 -0.347081 0.264679 -0.243885 -0.29464 0.224688 0.335712 -0.29464 0.224688 0.335712 -0.29464 0.224688 0.335712 -0.29464 0.224688 0.335712 -0.347081 0.264679 -0.243885 -0.347081 0.264679 -0.243885 -0.347081 0.264679 -0.243885 -0.29464 0.224688 0.335712 -0.29464 0.224688 0.335712 -0.29464 0.224688 0.335712 -0.347081 0.264679 -0.243885 -0.347081 0.264679 -0.243885 -0.347081 0.264679 -0.243885 -0.29464 0.224688 0.335712 -0.347081 0.264679 -0.243885 -0.29464 0.224688 0.335712 -0.29464 0.224688 0.335712 -0.347081 0.264679 -0.243885 -0.347081 0.264679 -0.243885
-0.214529 0.296425 -0.340749 -0.214529 0.296425 -0.340749 -0.260161 0.359477 0.230418 -0.260161 0.359477 0.230418 -0.260161 0.359477 0.230418 -0.214529 0.296425 -0.340749 -0.214529 0.296425 -0.340749 -0.214529 0.296425 -0.340749 -0.214529 0.296425 -0.340749 -0.260161 0.359477 0.230418 -0.260161 0.359477 0.230418 -0.260161 0.359477 0.230418 -0.214529 0.296425 -0.340749 -0.214529 0.296425 -0.340749 -0.214529 0.296425 -0.340749 -0.260161 0.359477 0.230418 -0.260161 0.359477 0.230418 -0.260161 0.359477 0.230418 -0.214529 0.296425 -0.340749 -0.260161 0.359477 0.230418 -0.214529 0.296425 -0.340749 -0.214529 0.296425 -0.340749 -0.260161 0.359477 0.230418 -0.260161 0.359477 0.230418
0.333683 0.228543 -0.293979 -0.248557 0.266276 -0.342515 -0.248557 0.266276 -0.342515 -0.248557 0.266276 -0.342515 0.333683 0.228543 -0.293979 0.333683 0.228543 -0.293979 -0.248557 0.266276 -0.342515 0.333683 0.228543 -0.293979 -0.248557 0.266276 -0.342515 -0.248557 0.266276 -0.342515 -0.248557 0.266276 -0.342515 0.333683 0.228543 -0.293979 0.333683 0.228543 -0.293979 0.333683 0.228543 -0.293979 -0.248557 0.266276 -0.342515 -0.248557 0.266276 -0.342515 -0.248557 0.266276 -0.342515 0.333683 0.228543 -0.293979 0.333683 0.228543 -0.293979 0.333683 0.228543 -0.293979 -0.248557 0.266276 -0.342515 -0.248557 0.266276 -0.342515 0.333683 0.228543 -0.293979 0.333683 0.228543 -0.293979
-0.440765 0.207636 -0.112311 -0.440765 0.207636 -0.112311 0.39324 0.271618 -0.14692 -0.440765 0.207636 -0.112311 -0.440765 0.207636 -0.112311 0.39324 0.271618 -0.14692 0.39324 0.271618 -0.14692 -0.440765 0.207636 -0.112311 -0.440765 0.207636 -0.112311 0.39324 0.271618 -0.14692 -0.440765 0.207636 -0.112311 -0.440765 0.207636 -0.112311 0.39324 0.271618 -0.14692 -0.440765 0.207636 -0.112311 -0.440765 0.207636 -0.112311 0.39324 0.271618 -0.14692 -0.440765 0.207636 -0.112311 -0.440765 0.207636 -0.112311 0.39324 0.271618 -0.14692 0.39324 0.271618 -0.14692 0.39324 0.271618 -0.14692 0.39324 0.271618 -0.14692 0.39324 0.271618 -0.14692 0.39324 0.271618 -0.14692
-0.199975 0.315731 0.332151 -0.157614 0.248849 -0.40402 -0.157614 0.248849 -0.40402 -0.199975 0.315731 0.332151 -0.157614 0.248849 -0.40402 -0.157614 0.248849 -0.40402 -0.199975 0.315731 0.332151 -0.199975 0.315731 0.332151 -0.157614 0.248849 -0.40402 -0.157614 0.248849 -0.40402 -0.199975 0.315731 0.332151 -0.157614 0.248849 -0.40402 -0.157614 0.248849 -0.40402 -0.199975 0.315731 0.332151 -0.157614 0.248849 -0.40402 -0.157614 0.248849 -0.40402 -0.199975 0.315731 0.332151 -0.157614 0.248849 -0.40402 -0.157614 0.248849 -0.40402 -0.199975 0.315731 0.332151 -0.199975 0.315731 0.332151 -0.199975 0.315731 0.332151 -0.199975 0.315731 0.332151 -0.199975 0.315731 0.332151
0.399612 0.242486 -0.177512 0.399612 0.242486 -0.177512 -0.427738 0.208923 -0.152942 0.399612 0.242486 -0.177512 0.399612 0.242486 -0.177512 -0.427738 0.208923 -0.152942 -0.427738 0.208923 -0.152942 0.399612 0.242486 -0.177512 0.399612 0.242486 -0.177512 -0.427738 0.208923 -0.152942 0.399612 0.242486 -0.177512 0.399612 0.242486 -0.177512 -0.427738 0.208923 -0.152942 0.399612 0.242486 -0.177512 0.399612 0.242486 -0.177512 -0.427738 0.208923 -0.152942 0.399612 0.242486 -0.177512 0.399612 0.242486 -0.177512 -0.427738 0.208923 -0.152942 -0.427738 0.208923 -0.152942 -0.427738 0.208923 -0.152942 -0.427738 0.208923 -0.152942 -0.427738 0.208923 -0.152942 -0.427738 0.208923 -0.152942



