0.278265 0.0815628 -0.407328 -0.349037 0.0796543 -0.349039 -0.407327 0.0815628 0.278267 -0.407326 0.0815634 0.278267 0.348283 0.0860068 0.348284 0.278265 0.0815633 -0.407328 -0.349037 0.0796548 -0.349039 0.348283 0.0860062 0.348284

0.257843 0.257843 0.342103 0.257843 0.257843 0.342103 0.343194 0.343194 -0.120146 0.343194 0.343194 -0.120146 0.343194 0.343194 -0.120146 0.257843 0.257843 0.342103 0.257843 0.257843 0.342103 0.343194 0.343194 -0.120146 

 
0.00971972 0.0820463 0.493127 -0.114439 0.0817695 0.47981 -0.131294 0.0852623 -0.47486 -0.131294 0.0852623 -0.47486 0.0223526 0.0860386 -0.492034 0.00971972 0.0820463 0.493127 -0.114439 0.0817695 0.47981 0.0223526 0.0860386 -0.492034 
0.470738 0.0795142 -0.148605 -0.450493 0.0843067 -0.19987 -0.392405 0.0813985 0.298986 -0.392405 0.0813985 0.298986 0.425809 0.0785235 0.250042 0.470738 0.0795142 -0.148605 -0.450493 0.0843067 -0.19987 0.425809 0.0785235 0.250042 
-0.233806 -0.233806 -0.37506 0.347972 -0.185065 -0.307679 0.287629 -0.142521 0.38335 0.258991 0.258991 0.340364 -0.142521 0.287629 0.38335 -0.185065 0.347972 -0.307679 0.301607 0.301607 -0.260895 -0.169745 -0.169745 0.438603 
0.330926 0.330926 -0.176 -0.246678 0.387713 -0.19705 -0.26862 0.418423 0.0525885 -0.348429 -0.348429 0.0848178 0.418423 -0.26862 0.0525885 0.387713 -0.246678 -0.19705 -0.312087 -0.312087 -0.234955 0.352696 0.352696 0.0348005 
0.0670255 0.0670255 0.490933 0.0670255 0.0670255 0.490933 0.0719194 0.0719194 -0.489546 0.0719194 0.0719194 -0.489546 0.0719194 0.0719194 -0.489546 0.0670255 0.0670255 0.490933 0.0670255 0.0670255 0.490933 0.0719194 0.0719194 -0.489546 
0.168595 0.168595 -0.43949 -0.0287514 0.176858 -0.466792 -0.00971669 0.147325 0.477704 -0.0126313 -0.0126313 0.499681 0.147325 -0.00971669 0.477704 0.176858 -0.0287514 -0.466792 -0.0350843 -0.0350843 -0.497532 0.143708 0.143708 0.456833
-0.107523 -0.107523 0.476317 -0.107523 0.476317 -0.107523 0.476317 -0.107523 -0.107523 -0.107523 -0.107523 0.476317 -0.107523 0.476317 -0.107523 0.476317 -0.107523 -0.107523 0.288675 0.288675 0.288675 0.288675 0.288675 0.288675 
0.339814 0.216653 -0.295953 -0.233658 0.261112 -0.356685 -0.233658 0.261112 -0.356685 -0.233658 0.261112 -0.356685 0.339814 0.216653 -0.295953 0.339814 0.216653 -0.295953 -0.233658 0.261112 -0.356685 0.339814 0.216653 -0.295953
0.29916 0.283287 -0.283287 -0.29916 0.283287 -0.283287 -0.29916 0.283287 -0.283287 -0.29916 0.283287 -0.283287 0.29916 0.283287 -0.283287 0.29916 0.283287 -0.283287 -0.29916 0.283287 -0.283287 0.29916 0.283287 -0.283287 
0.233658 0.356685 -0.261112 -0.339814 0.295953 -0.216653 -0.339814 0.295953 -0.216653 -0.339814 0.295953 -0.216653 0.233658 0.356685 -0.261112 0.233658 0.356685 -0.261112 -0.339814 0.295953 -0.216653 0.233658 0.356685 -0.261112
-0.216653 0.295953 -0.339814 -0.216653 0.295953 -0.339814 -0.261112 0.356685 0.233658 -0.261112 0.356685 0.233658 -0.261112 0.356685 0.233658 -0.216653 0.295953 -0.339814 -0.216653 0.295953 -0.339814 -0.261112 0.356685 0.233658
-0.283287 0.283287 0.29916 -0.283287 0.283287 0.29916 -0.283287 0.283287 -0.29916 -0.283287 0.283287 -0.29916 -0.283287 0.283287 -0.29916 -0.283287 0.283287 0.29916 -0.283287 0.283287 0.29916 -0.283287 0.283287 -0.29916 
-0.202824 0.316425 0.329754 -0.202824 0.316425 0.329754 -0.231422 0.361041 -0.257087 -0.231422 0.361041 -0.257087 -0.231422 0.361041 -0.257087 -0.202824 0.316425 0.329754 -0.202824 0.316425 0.329754 -0.231422 0.361041 -0.257087
0.0098021 0.349508 0.357418 -0.247223 0.336424 0.275135 -0.334725 0.364387 -0.07198 -0.334725 0.364387 -0.07198 0.103756 0.449884 -0.191934 0.0098021 0.349508 0.357418 -0.247223 0.336424 0.275135 0.103756 0.449884 -0.191934
0.329229 0.3247 0.190205 -0.258097 0.369506 0.216452 -0.258097 0.369506 0.216452 -0.258097 0.369506 0.216452 0.329229 0.3247 0.190205 0.329229 0.3247 0.190205 -0.258097 0.369506 0.216452 0.329229 0.3247 0.190205
0.337924 0.337924 -0.14702 0.337924 0.337924 -0.14702 0.250824 0.250824 0.352385 0.250824 0.250824 0.352385 0.250824 0.250824 0.352385 0.337924 0.337924 -0.14702 0.337924 0.337924 -0.14702 0.250824 0.250824 0.352385
0.263654 0.263654 -0.333127 0.263654 0.263654 -0.333127 0.306114 0.306114 0.250178 0.306114 0.306114 0.250178 0.306114 0.306114 0.250178 0.263654 0.263654 -0.333127 0.263654 0.263654 -0.333127 0.306114 0.306114 0.250178
0.339707 0.216711 -0.296033 -0.233469 0.261171 -0.356766 -0.233469 0.261171 -0.356766 -0.233469 0.261171 -0.356766 0.339707 0.216711 -0.296033 0.339707 0.216711 -0.296033 -0.233469 0.261171 -0.356766 0.339707 0.216711 -0.296033 
-0.261171 0.356766 0.233469 -0.261171 0.356766 0.233469 -0.216711 0.296033 -0.339707 -0.216711 0.296033 -0.339707 -0.216711 0.296033 -0.339707 -0.261171 0.356766 0.233469 -0.261171 0.356766 0.233469 -0.216711 0.296033 -0.339707 
-0.202874 0.316503 0.329648 -0.202874 0.316503 0.329648 -0.231473 0.361121 -0.256928 -0.231473 0.361121 -0.256928 -0.231473 0.361121 -0.256928 -0.202874 0.316503 0.329648 -0.202874 0.316503 0.329648 -0.231473 0.361121 -0.256928 
0.00966246 0.349606 0.357327 -0.247143 0.336502 0.275112 -0.334593 0.36452 -0.07192 -0.334593 0.36452 -0.07192 0.103465 0.450028 -0.191753 0.00966246 0.349606 0.357327 -0.247143 0.336502 0.275112 0.103465 0.450028 -0.191753 
0.275043 0.380849 0.171188 -0.31889 0.351257 0.157886 -0.31889 0.351257 0.157886 -0.31889 0.351257 0.157886 0.275043 0.380849 0.171188 0.275043 0.380849 0.171188 -0.31889 0.351257 0.157886 0.275043 0.380849 0.171188 
0.329123 0.32478 0.190252 -0.25794 0.369588 0.216499 -0.25794 0.369588 0.216499 -0.25794 0.369588 0.216499 0.329123 0.32478 0.190252 0.329123 0.32478 0.190252 -0.25794 0.369588 0.216499 0.329123 0.32478 0.190252 
0.230809 0.413896 0.159429 -0.337583 0.344182 0.132576 -0.337583 0.344182 0.132576 -0.337583 0.344182 0.132576 0.230809 0.413896 0.159429 0.230809 0.413896 0.159429 -0.337583 0.344182 0.132576 0.230809 0.413896 0.159429
0.34467 0.301833 0.200247 -0.204664 0.380142 0.2522 -0.204664 0.380142 0.2522 -0.204664 0.380142 0.2522 0.34467 0.301833 0.200247 0.34467 0.301833 0.200247 -0.204664 0.380142 0.2522 0.34467 0.301833 0.200247  
0.289431 0.289431 0.287158 0.289431 0.289431 0.287158 0.279673 0.279673 -0.305886 0.279673 0.279673 -0.305886 0.279673 0.279673 -0.305886 0.289431 0.289431 0.287158 0.289431 0.289431 0.287158 0.279673 0.279673 -0.305886 
0.0990847 0.452402 -0.188454 -0.332711 0.366581 -0.0701527 -0.245942 0.337991 0.274362 -0.245942 0.337991 0.274362 0.00724802 0.351223 0.355795 0.0990847 0.452402 -0.188454 -0.332711 0.366581 -0.0701527 0.00724802 0.351223 0.355795 
0.454023 0.194729 -0.0770958 -0.435303 0.23249 -0.0803723 -0.435303 0.23249 -0.0803723 -0.478673 -0.118688 -0.0823724 0.486905 -0.0829566 -0.0777289 0.486905 -0.0829566 -0.0777289 -0.478673 -0.118688 -0.0823724 0.454023 0.194729 -0.0770958 
0.48978 0.0711211 -0.0711181 -0.48978 0.0711211 -0.0711181 -0.48978 0.0711211 -0.071118 -0.48978 0.071115 -0.071118 0.48978 0.071115 -0.071118 0.48978 0.071115 -0.0711181 -0.48978 0.071115 -0.0711181 0.48978 0.0711211 -0.071118 
0.278265 0.0815707 -0.407326 -0.349037 0.0796611 -0.349037 -0.407326 0.0815707 0.278265 -0.407328 0.0815555 0.278267 0.348285 0.0859969 0.348285 0.278267 0.0815555 -0.407328 -0.349039 0.079648 -0.349039 0.348282 0.0860161 0.348282
0.435303 0.0803723 -0.23249 -0.454023 0.0770958 -0.194729 -0.486905 0.077729 0.0829567 -0.486905 0.0777289 0.0829567 0.478673 0.0823724 0.118688 0.435303 0.0803723 -0.23249 -0.454023 0.0770958 -0.194729 0.478673 0.0823725 0.118688 
0.0829567 0.077729 -0.486905 -0.194729 0.0770958 -0.454023 -0.23249 0.0803723 0.435303 -0.23249 0.0803723 0.435303 0.118688 0.0823724 0.478673 0.0829567 0.0777289 -0.486905 -0.194729 0.0770958 -0.454023 0.118688 0.0823725 0.478673 
-0.0711181 0.0711181 -0.48978 -0.071118 0.071118 -0.48978 -0.071118 0.071118 0.48978 -0.0711181 0.0711181 0.48978 -0.071118 0.071118 0.48978 -0.071118 0.071118 -0.48978 -0.0711181 0.0711181 -0.48978 -0.0711181 0.0711181 0.48978 
0.00971992 0.0820463 0.493127 -0.114439 0.0817695 0.47981 -0.131294 0.0852623 -0.47486 -0.131294 0.0852623 -0.47486 0.0223529 0.0860386 -0.492034 0.00971992 0.0820463 0.493127 -0.114439 0.0817695 0.47981 0.0223529 0.0860386 -0.492034 
0.327486 0.0936421 -0.366038 -0.378272 0.0904028 -0.314225 -0.333184 0.0884816 0.36216 -0.333183 0.0884846 0.362159 0.276399 0.0901524 0.406788 0.327486 0.093646 -0.366038 -0.378272 0.0904062 -0.314225 0.276399 0.0901491 0.406788 
0.489559 0.0927114 0.0416716 -0.490158 0.0900396 0.0404708 -0.490158 0.0900396 0.0404709 -0.490159 0.0900355 0.0404709 0.48956 0.0927067 0.0416717 0.48956 0.0927067 0.0416716 -0.490159 0.0900355 0.0404708 0.489559 0.0927114 0.0416717 
0.49176 0.0842838 -0.0326826 -0.489697 0.0881792 -0.0492072 -0.46874 0.0872124 0.15059 -0.46874 0.0872124 0.15059 0.475256 0.0839146 0.13073 0.49176 0.0842838 -0.0326826 -0.489697 0.0881792 -0.0492072 0.475256 0.0839146 0.13073 
0.435272 0.165171 -0.182365 -0.388988 0.198604 -0.243403 -0.322119 0.172488 0.341302 -0.343593 -0.0248996 0.362387 0.400873 -0.00917751 0.298691 0.460103 -0.0193626 -0.194758 -0.420636 -0.0450244 -0.26653 0.381082 0.152411 0.285566 
-0.203748 0.317866 0.327793 -0.203748 0.317866 0.327793 -0.232394 0.362557 -0.254058 -0.232394 0.362557 -0.254058 -0.232394 0.362557 -0.254058 -0.203748 0.317866 0.327793 -0.203748 0.317866 0.327793 -0.232394 0.362557 -0.254058 
0.273433 0.273433 0.316968 0.273433 0.273433 0.316968 0.296417 0.296417 -0.272531 0.296417 0.296417 -0.272531 0.296417 0.296417 -0.272531 0.273433 0.273433 0.316968 0.273433 0.273433 0.316968 0.296417 0.296417 -0.272531
0.337851 0.217721 -0.297412 -0.230024 0.262235 -0.35822 -0.230024 0.262235 -0.35822 -0.230024 0.262235 -0.35822 0.337851 0.217721 -0.297412 0.337851 0.217721 -0.297412 -0.230024 0.262235 -0.35822 0.337851 0.217721 -0.297412
0.278297 0.278297 -0.308386 0.1884 0.1884 0.423096 0.1884 0.1884 0.423096 0.278297 0.278297 -0.308386 0.1884 0.1884 0.423096 0.1884 0.1884 0.423096 0.278297 0.278297 -0.308386 0.278297 0.278297 -0.308386 
0.424701 0.199951 0.172187 0.424701 0.199951 0.172187 -0.306325 0.299447 0.257868 0.424701 0.199951 0.172187 0.424701 0.199951 0.172187 -0.306325 0.299447 0.257868 -0.306325 0.299447 0.257868 -0.306325 0.299447 0.257868 
0.449714 0.165595 0.142602 0.449714 0.165595 0.142602 -0.392181 0.235019 0.202387 0.449714 0.165595 0.142602 0.449714 0.165595 0.142602 -0.392181 0.235019 0.202387 -0.392181 0.235019 0.202386 -0.392181 0.235019 0.202386 
0.15631 0.15631 0.44848 0.219362 0.219362 -0.392123 0.219362 0.219362 -0.392123 0.15631 0.15631 0.44848 0.219362 0.219362 -0.392123 0.219362 0.219362 -0.392123 0.15631 0.15631 0.44848 0.15631 0.15631 0.44848 
0.497854 0.0327191 -0.0327203 0.497855 0.0327174 -0.0327162 -0.497855 0.0327191 -0.0327162 0.497854 0.0327191 -0.0327203 0.497855 0.0327174 -0.0327162 -0.497855 0.0327191 -0.0327162 -0.497854 0.0327173 -0.0327203 -0.497854 0.0327173 -0.0327203 
0.328829 0.328829 -0.183694 -0.224362 0.386423 -0.224362 -0.183694 0.328829 0.328829 -0.224362 -0.224362 0.386423 0.328829 -0.183694 0.328829 0.386423 -0.224362 -0.224362 -0.288675 -0.288675 -0.288675 0.288675 0.288675 0.288675 
-0.159482 -0.159482 -0.446241 0.288553 -0.130122 -0.387047 0.235116 -0.0925083 0.431466 0.218795 0.218795 0.392756 -0.0925083 0.235116 0.431466 -0.130122 0.288553 -0.387047 0.258235 0.258235 -0.34151 -0.107132 -0.107132 0.476493 
0.0718757 0.0718756 -0.489559 0.0718708 0.0718756 -0.489559 0.0698 0.0698042 0.490158 0.0698 0.0698 0.490159 0.0698043 0.0698 0.490158 0.0718757 0.0718708 -0.489559 0.0718708 0.0718708 -0.48956 0.0698042 0.0698042 0.490158 
0.286722 0.286722 0.292542 -0.16546 0.327221 0.339925 -0.123963 0.268365 -0.403254 -0.146002 -0.146002 -0.455376 0.268365 -0.123963 -0.403254 0.327221 -0.16546 0.339925 -0.206826 -0.206826 0.405519 0.244621 0.244621 -0.361 
0.304328 0.304328 -0.254498 -0.206822 0.350891 -0.29 -0.243356 0.402477 0.169676 -0.315026 -0.315026 0.226974 0.402477 -0.243356 0.169676 0.350891 -0.206822 -0.29 -0.256034 -0.256034 -0.344809 0.34035 0.34035 0.135363 
0 0 0.5 0 0 0.5 0 0 -0.5 0 0 -0.5 0 0 -0.5 0 0 0.5 0 0 0.5 0 0 -0.5
0 0 0.5 0 0 -0.5 0 0 -0.5 0 0 0.5 0 0 -0.5 0 0 -0.5 0 0 0.5 0 0 0.5
0 0 0.5 0 0 -0.5 0 0 0.5 0 0 -0.5 0 0 0.5 0 0 -0.5 0 0 -0.5 0 0 0.5
0 0 0.5 0 0 0.5 0 0 0.5 0 0 0.5 0 0 0.5 0 0 0.5 0 0 0.5 0 0 0.5
0.498296 0.0184377 -0.036899 0.498295 0.0184605 -0.0368975 -0.498122 0.0193535 -0.0387303 0.498296 0.0184377 -0.036899 0.498295 0.0184605 -0.0368975 -0.498122 0.0193535 -0.0387303 -0.498121 0.0193775 -0.0387317 -0.498121 0.0193775 -0.0387317
0.498 0.0263868 -0.0360462 0.498001 0.0263846 -0.0360413 -0.497898 0.0270571 -0.0369568 0.498 0.0263868 -0.0360462 0.498001 0.0263846 -0.0360413 -0.497898 0.0270571 -0.0369568 -0.497897 0.0270548 -0.0369619 -0.497897 0.0270548 -0.0369619
0.497897 0.0369603 -0.0270583 0.497898 0.0369583 -0.0270536 -0.498001 0.0360447 -0.0263834 0.497897 0.0369603 -0.0270583 0.497898 0.0369583 -0.0270536 -0.498001 0.0360447 -0.0263834 -0.498001 0.0360427 -0.026388 -0.498001 0.0360427 -0.026388
-0.0193655 0.038731 0.498121 -0.0184491 0.0368982 -0.498295 -0.0184491 0.0368982 -0.498295 -0.0193655 0.038731 0.498121 -0.0184491 0.0368982 -0.498295 -0.0184491 0.0368982 -0.498295 -0.0193655 0.038731 0.498121 -0.0193655 0.038731 0.498121
-0.0327182 0.0327182 0.497854 -0.0327182 0.0327182 -0.497854 -0.0327182 0.0327182 -0.497854 -0.0327182 0.0327182 0.497854 -0.0327182 0.0327182 -0.497854 -0.0327182 0.0327182 -0.497854 -0.0327182 0.0327182 0.497854 -0.0327182 0.0327182 0.497854
-0.0147279 0.0409965 0.498099 -0.0152414 0.0424258 -0.497964 -0.0152414 0.0424258 -0.497964 -0.0147279 0.0409965 0.498099 -0.0152414 0.0424258 -0.497964 -0.0152414 0.0424258 -0.497964 -0.0147279 0.0409965 0.498099 -0.0147279 0.0409965 0.498099
0.497849 0.0422569 0.0189912 0.497849 0.0422549 0.0189961 -0.497895 0.0417991 0.0187903 0.497849 0.0422569 0.0189912 0.497849 0.0422549 0.0189961 -0.497895 0.0417991 0.0187903 -0.497896 0.0417972 0.0187855 -0.497896 0.0417972 0.0187855
0.497937 0.0391564 0.0229344 0.497936 0.0391545 0.0229392 -0.497863 0.0398431 0.0233414 0.497937 0.0391564 0.0229344 0.497936 0.0391545 0.0229392 -0.497863 0.0398431 0.0233414 -0.497864 0.0398411 0.0233366 -0.497864 0.0398411 0.0233366
0.454023 0.194729 -0.0770958 -0.435303 0.23249 -0.0803723 -0.435303 0.23249 -0.0803723 -0.478673 -0.118688 -0.0823724 0.486905 -0.0829567 -0.0777289 0.486905 -0.0829567 -0.0777289 -0.478673 -0.118688 -0.0823724 0.454023 0.194729 -0.0770958 
0.030082 0.030082 0.498187 0.0313448 0.0313448 -0.498031 0.0313448 0.0313448 -0.498031 0.030082 0.030082 0.498187 0.0313448 0.0313448 -0.498031 0.0313448 0.0313448 -0.498031 0.030082 0.030082 0.498187 0.030082 0.030082 0.498187
0.032404 0.032404 0.497896 0.0327588 0.0327588 -0.497849 0.0327588 0.0327588 -0.497849 0.032404 0.032404 0.497896 0.0327588 0.0327588 -0.497849 0.0327588 0.0327588 -0.497849 0.032404 0.032404 0.497896 0.032404 0.032404 0.497896
0.0304838 0.0304838 0.498138 0.0290062 0.0290062 -0.498314 0.0290062 0.0290062 -0.498314 0.0304838 0.0304838 0.498138 0.0290062 0.0290062 -0.498314 0.0290062 0.0290062 -0.498314 0.0304838 0.0304838 0.498138 0.0304838 0.0304838 0.498138
0.498581 0.024389 -0.0286724 0.498581 0.0243871 -0.0286681 -0.498385 0.0260162 -0.0305808 0.498581 0.024389 -0.0286724 0.498581 0.0243871 -0.0286681 -0.498385 0.0260162 -0.0305808 -0.498385 0.0260142 -0.0305855 -0.498385 0.0260142 -0.0305855
0.0323306 0.494746 -0.0646612 0.0323306 0.494746 -0.0646612 0.0323306 0.494746 -0.0646612 0.0343477 -0.494066 -0.0686953 0.0343477 -0.494066 -0.0686953 0.0343477 -0.494066 -0.0686953 0.0343477 -0.494066 -0.0686953 0.0323306 0.494746 -0.0646612
0.493807 0.0463438 -0.0633023 -0.493404 0.0478185 -0.0653165 -0.493404 0.0478185 -0.0653163 -0.493404 0.0478107 -0.0653163 0.493807 0.0463364 -0.0633022 0.493807 0.0463364 -0.0633023 -0.493404 0.0478107 -0.0653165 0.493807 0.0463438 -0.0633021
0.493404 0.0653184 -0.0478146 -0.493807 0.0633041 -0.0463402 -0.493807 0.0633041 -0.0463401 -0.493807 0.0633003 -0.0463401 0.493404 0.0653144 -0.0478145 0.493404 0.0653144 -0.0478147 -0.493807 0.0633003 -0.0463402 0.493404 0.0653184 -0.0478145
-0.0343476 0.0686953 0.494066 -0.0343476 0.0686953 0.494066 -0.0323306 0.0646612 -0.494746 -0.0323306 0.0646612 -0.494746 -0.0323306 0.0646612 -0.494746 -0.0343476 0.0686953 0.494066 -0.0343476 0.0686953 0.494066 -0.0323306 0.0646612 -0.494746
-0.0576261 0.0576261 0.493314 -0.0576261 0.0576261 0.493314 -0.0576261 0.0576261 -0.493314 -0.0576261 0.0576261 -0.493314 -0.0576261 0.0576261 -0.493314 -0.0576261 0.0576261 0.493314 -0.0576261 0.0576261 0.493314 -0.0576261 0.0576261 -0.493314
-0.0258424 0.0719347 0.494123 -0.0258424 0.0719347 0.494123 -0.0269722 0.0750797 -0.493595 -0.0269722 0.0750797 -0.493595 -0.0269722 0.0750797 -0.493595 -0.0258424 0.0719347 0.494123 -0.0258424 0.0719347 0.494123 -0.0269722 0.0750797 -0.493595
0.493278 0.07453 0.0334989 -0.493459 0.0735233 0.0330465 -0.493459 0.0735233 0.0330488 -0.49346 0.0735217 0.0330488 0.493278 0.0745283 0.0335013 0.493278 0.0745283 0.0334989 -0.49346 0.0735217 0.0330465 0.493278 0.07453 0.0335013
0.494555 0.05879 0.0442623 -0.493911 0.0621475 0.04679 -0.493911 0.0621475 0.0467925 -0.493911 0.0621454 0.0467925 0.494555 0.0587881 0.0442645 0.494555 0.0587881 0.0442623 -0.493912 0.0621454 0.04679 0.494555 0.05879 0.0442645
0.0452242 0.495893 0.0452242 0.0452242 0.495893 0.0452242 0.0452242 0.495893 0.0452242 0.0492659 -0.495122 0.0492658 0.0492659 -0.495122 0.0492658 0.0492659 -0.495122 0.0492658 0.0492659 -0.495122 0.0492658 0.0452242 0.495893 0.0452242
0.05275 0.05275 0.494404 0.05275 0.05275 0.494404 0.0555289 0.0555289 -0.493795 0.0555289 0.0555289 -0.493795 0.0555289 0.0555289 -0.493795 0.05275 0.05275 0.494404 0.05275 0.05275 0.494404 0.0555289 0.0555289 -0.493795
0.0569982 0.0569982 0.49346 0.0569982 0.0569982 0.49346 0.0577786 0.0577786 -0.493278 0.0577786 0.0577786 -0.493278 0.0577786 0.0577786 -0.493278 0.0569982 0.0569982 0.49346 0.0569982 0.0569982 0.49346 0.0577786 0.0577786 -0.493278
0.0540784 0.0540784 0.494116 0.0540784 0.0540784 0.494116 0.050826 0.050826 -0.494806 0.050826 0.050826 -0.494806 0.050826 0.050826 -0.494806 0.0540784 0.0540784 0.494116 0.0540784 0.0540784 0.494116 0.050826 0.050826 -0.494806
0.0426848 0.495641 -0.0501798 0.0426848 0.495641 -0.0501798 0.0426848 0.495641 -0.0501798 0.0462685 -0.494874 -0.0543927 0.0462685 -0.494874 -0.0543927 0.0462685 -0.494874 -0.0543927 0.0462685 -0.494874 -0.0543927 0.0426848 0.495641 -0.0501798
0.204124, 0.204124, -0.408248 -0.204124, -0.204124, 0.408248 -0.204124, -0.204124, 0.408248 0.204124, 0.204124, -0.408248 -0.204124, -0.204124, 0.408248 -0.204124, -0.204124, 0.408248 0.204124, 0.204124, -0.408248 0.204124, 0.204124, -0.408248
0.204124, 0.204124, -0.408248 -0.204124, -0.204124, 0.408248 0.204124, 0.204124, -0.408248 -0.204124, -0.204124, 0.408248 0.204124, 0.204124, -0.408248 -0.204124, -0.204124, 0.408248 0.204124, 0.204124, -0.408248 -0.204124, -0.204124, 0.408248
0.204124, 0.204124, -0.408248 0.204124, 0.204124, -0.408248 -0.204124, -0.204124, 0.408248 -0.204124, -0.204124, 0.408248 -0.204124, -0.204124, 0.408248 0.204124, 0.204124, -0.408248 0.204124, 0.204124, -0.408248 -0.204124, -0.204124, 0.408248 
0.288675 0.288675 0.288675 0.288675 0.288675 0.288675 0.288675 0.288675 0.288675 0.288675 0.288675 0.288675 0.288675 0.288675 0.288675 0.288675 0.288675 0.288675 0.288675 0.288675 0.288675 0.288675 0.288675 0.288675
0.288675 0.288675 0.288675 -0.288675 -0.288675 -0.288675 -0.288675 -0.288675 -0.288675 0.288675 0.288675 0.288675 -0.288675 -0.288675 -0.288675 -0.288675 -0.288675 -0.288675 0.288675 0.288675 0.288675 0.288675 0.288675 0.288675
0.288675 0.288675 0.288675 -0.288675 -0.288675 -0.288675 0.288675 0.288675 0.288675 -0.288675 -0.288675 -0.288675 0.288675 0.288675 0.288675 -0.288675 -0.288675 -0.288675 0.288675 0.288675 0.288675 -0.288675 -0.288675 -0.288675
0.288675 0.288675 0.288675 0.288675 0.288675 0.288675 -0.288675 -0.288675 -0.288675 -0.288675 -0.288675 -0.288675 -0.288675 -0.288675 -0.288675 0.288675 0.288675 0.288675 0.288675 0.288675 0.288675 -0.288675 -0.288675 -0.288675
-0.229652 0.380158 -0.229652 -0.229652 -0.229652 0.380158 0.288675 0.288675 0.288675 -0.229652 0.380158 -0.229652 -0.229652 -0.229652 0.380158 0.288675 0.288675 0.288675 0.380158 -0.229652 -0.229652 0.380158 -0.229652 -0.229652
3.292283419271546663e-01 3.292283419271546663e-01 2.075687199301294861e-01 8.401475771389682601e-02 2.649831864644258683e-01 8.401475771389678437e-02 -2.254439819620898122e-01 -1.037843599650646459e-01 -1.037843599650646736e-01 -3.489979441783226388e-01 -3.489979441783225833e-01 -1.680295154277935410e-01 -1.037843599650648957e-01 -2.254439819620900065e-01 -1.037843599650648124e-01 2.649831864644258128e-01 8.401475771389678437e-02 8.401475771389677050e-02 2.886751345948129210e-01 2.886751345948129210e-01 2.886751345948129210e-01 2.886751345948129210e-01 2.886751345948129210e-01 2.886751345948128655e-01
3.292283419271546663e-01 3.292283419271546663e-01 2.075687199301294861e-01 8.401475771389682601e-02 2.649831864644258683e-01 8.401475771389678437e-02 -2.254439819620898122e-01 -1.037843599650646459e-01 -1.037843599650646736e-01 -3.489979441783226388e-01 -3.489979441783225833e-01 -1.680295154277935410e-01 -1.037843599650648957e-01 -2.254439819620900065e-01 -1.037843599650648124e-01 2.649831864644258128e-01 8.401475771389678437e-02 8.401475771389677050e-02 2.886751345948129210e-01 2.886751345948129210e-01 2.886751345948129210e-01 -2.886751345948129210e-01 -2.886751345948129210e-01 -2.886751345948128655e-01
-3.292283419271546663e-01 -3.292283419271546663e-01 -2.075687199301294861e-01 1.037843599650647847e-01 2.254439819620899232e-01 1.037843599650647569e-01 2.254439819620898955e-01 1.037843599650647569e-01 1.037843599650647430e-01 -3.292283419271546663e-01 -3.292283419271546663e-01 -2.075687199301294861e-01 1.037843599650647847e-01 2.254439819620899232e-01 1.037843599650647569e-01 2.254439819620898955e-01 1.037843599650647569e-01 1.037843599650647430e-01 2.886751345948129210e-01 2.886751345948129210e-01 2.886751345948129210e-01 2.886751345948129210e-01 2.886751345948129210e-01 2.886751345948129210e-01
-2.229327515233847645e-01 -1.005768220083172598e-01 -1.019816029052189738e-01 2.279326681904680907e-01 1.069815195723022860e-01 1.055767386754005999e-01 -1.069815195723024387e-01 -2.279326681904682017e-01 -1.055767386754006831e-01 1.005768220083173570e-01 2.229327515233848478e-01 1.019816029052190431e-01 3.299142710956871061e-01 3.285094901987853921e-01 2.075583415806196153e-01 3.285094901987853921e-01 3.299142710956871061e-01 2.075583415806196153e-01 3.285094901987853921e-01 3.299142710956871061e-01 2.075583415806196153e-01 3.299142710956871061e-01 3.285094901987853921e-01 2.075583415806196153e-01
0.304559 0.304559 -0.253943 -0.270053 0.322711 -0.270053 -0.253943 0.304559 0.304559 -0.270053 -0.270053 0.322711 0.304559 -0.253943 0.304559 0.322711 -0.270053 -0.270053 -0.288675 -0.288675 -0.288675 0.288675 0.288675 0.288675
-0.107523 -0.107523 0.476317 -0.107523 0.476317 -0.107523 0.476317 -0.107523 -0.107523 -0.107523 -0.107523 0.476317 -0.107523 0.476317 -0.107523 0.476317 -0.107523 -0.107523 0.288675 0.288675 0.288675 0.288675 0.288675 0.288675
0.443583 0.103183 -0.206367 0.443583 0.103183 -0.206367 -0.392559 0.13849 -0.27698 0.443583 0.103183 -0.206367 0.443583 0.103183 -0.206367 -0.392559 0.13849 -0.27698 -0.392559 0.13849 -0.27698 -0.392559 0.13849 -0.27698
-0.399612 0.177512 -0.242486 -0.399612 0.177512 -0.242486 0.427738 0.152942 -0.208923 -0.399612 0.177512 -0.242486 -0.399612 0.177512 -0.242486 0.427738 0.152942 -0.208923 0.427738 0.152942 -0.208923 0.427738 0.152942 -0.208923 
0.399612 0.242486 -0.177512 0.399612 0.242486 -0.177512 -0.427738 0.208923 -0.152942 0.399612 0.242486 -0.177512 0.399612 0.242486 -0.177512 -0.427738 0.208923 -0.152942 -0.427738 0.208923 -0.152942 -0.427738 0.208923 -0.152942 
-0.103183 0.206367 -0.443583 -0.13849 0.27698 0.392559 -0.13849 0.27698 0.392559 -0.103183 0.206367 -0.443583 -0.13849 0.27698 0.392559 -0.13849 0.27698 0.392559 -0.103183 0.206367 -0.443583 -0.103183 0.206367 -0.443583 
0.406408 0.265658 0.11941 0.406408 0.265658 0.11941 -0.418806 0.249124 0.111979 0.406408 0.265658 0.11941 0.406408 0.265658 0.11941 -0.418806 0.249124 0.111979 -0.418806 0.249124 0.111979 -0.418806 0.249124 0.111979
-0.393235 0.246706 0.185749 -0.393235 0.246706 0.185749 0.440784 0.188559 0.141969 -0.393235 0.246706 0.185749 -0.393235 0.246706 0.185749 0.440784 0.188559 0.141969 0.440784 0.188559 0.141969 0.440784 0.188559 0.141969
0.217669 0.217669 -0.394006 0.169936 0.169936 0.438456 0.169936 0.169936 0.438456 0.217669 0.217669 -0.394006 0.169936 0.169936 0.438456 0.169936 0.169936 0.438456 0.217669 0.217669 -0.394006 0.217669 0.217669 -0.394006 
0.455317 0.133867 -0.157373 0.455317 0.133867 -0.157373 -0.393414 0.199942 -0.23505 0.455317 0.133867 -0.157373 0.455317 0.133867 -0.157373 -0.393414 0.199942 -0.23505 -0.393414 0.199942 -0.23505 -0.393414 0.199942 -0.23505
0.386976 0.273199 0.160036 0.386976 0.273199 0.160036 -0.351664 0.306688 0.179654 0.386976 0.273199 0.160036 0.386976 0.273199 0.160036 -0.351664 0.306688 0.179654 -0.351664 0.306688 0.179654 -0.351664 0.306688 0.179654
0.490866 0.0561975 -0.076763 -0.489534 0.0601166 -0.082115 -0.489534 0.0601166 -0.0821148 -0.489535 0.0601077 -0.0821149 0.490867 0.056191 -0.0767629 0.490867 0.056191 -0.076763 -0.489535 0.0601077 -0.0821151 0.490866 0.0561975 -0.0767629 
0.48978 0.0711212 -0.0711181 -0.48978 0.0711212 -0.0711181 -0.48978 0.0711212 -0.071118 -0.48978 0.0711149 -0.071118 0.48978 0.0711149 -0.071118 0.48978 0.0711149 -0.0711181 -0.48978 0.0711149 -0.0711181 0.48978 0.0711212 -0.071118 
-0.0769979 -0.0769979 -0.487999 -0.0675593 0.484715 -0.102407 0.484715 -0.0675593 -0.102407 -0.0769979 -0.0769979 -0.487999 -0.0675593 0.484715 -0.102407 0.484715 -0.0675593 -0.102407 0.299862 0.299862 -0.264887 0.299862 0.299862 -0.264887
0.416639 0.123622 -0.247244 0.416639 0.123622 -0.247244 -0.316618 0.173062 -0.346125 0.416639 0.123622 -0.247244 0.416639 0.123622 -0.247244 -0.316618 0.173062 -0.346125 -0.316618 0.173062 -0.346125 -0.316618 0.173062 -0.346125 
-0.173062 0.346125 0.316618 -0.123622 0.247244 -0.416639 -0.123622 0.247244 -0.416639 -0.173062 0.346125 0.316618 -0.123622 0.247244 -0.416639 -0.123622 0.247244 -0.416639 -0.173062 0.346125 0.316618 -0.173062 0.346125 0.316618 
-0.394224 0.286996 0.110548 -0.394224 0.286996 0.110548 0.343576 0.338979 0.130571 -0.394224 0.286996 0.110548 -0.394224 0.286996 0.110548 0.343576 0.338979 0.130571 0.343576 0.338979 0.130571 0.343576 0.338979 0.130571 
0.1884 0.1884 0.423096 0.278297 0.278297 -0.308386 0.278297 0.278297 -0.308386 0.1884 0.1884 0.423096 0.278297 0.278297 -0.308386 0.278297 0.278297 -0.308386 0.1884 0.1884 0.423096 0.1884 0.1884 0.423096 
-0.0675594 0.484715 -0.102407 -0.0769979 -0.0769979 -0.487999 0.299862 0.299862 -0.264887 -0.0675594 0.484715 -0.102407 -0.0769979 -0.0769979 -0.487999 0.299862 0.299862 -0.264887 0.484715 -0.0675594 -0.102407 0.484715 -0.0675594 -0.102407 
0.0323306 0.494746 -0.0646612 0.0323306 0.494746 -0.0646612 0.0323306 0.494746 -0.0646612 0.0343477 -0.494066 -0.0686953 0.0343477 -0.494066 -0.0686953 0.0343477 -0.494066 -0.0686953 0.0343477 -0.494066 -0.0686953 0.0323306 0.494746 -0.0646612 
0.494234 0.0396181 -0.0645226 -0.493671 0.0414963 -0.0675813 -0.493671 0.0414963 -0.0675795 -0.493671 0.0414944 -0.0675795 0.494234 0.0396164 -0.0645209 0.494234 0.0396164 -0.0645226 -0.493671 0.0414943 -0.0675814 0.494234 0.0396181 -0.0645209 
-0.0576261 0.0576261 0.493314 -0.0576261 0.0576261 0.493314 -0.0576261 0.0576261 -0.493314 -0.0576261 0.0576261 -0.493314 -0.0576261 0.0576261 -0.493314 -0.0576261 0.0576261 0.493314 -0.0576261 0.0576261 0.493314 -0.0576261 0.0576261 -0.493314 
0.493401 0.0755567 0.0291028 -0.493801 0.0732463 0.0282129 -0.4938 0.0732463 0.0282146 -0.493801 0.0732451 0.0282146 0.493401 0.0755554 0.0291046 0.493401 0.0755554 0.0291028 -0.493801 0.0732451 0.0282129 0.493401 0.0755567 0.0291046 
0.0452242 0.495893 0.0452242 0.0452242 0.495893 0.0452242 0.0452242 0.495893 0.0452242 0.0492659 -0.495122 0.0492659 0.0492659 -0.495122 0.0492659 0.0492659 -0.495122 0.0492659 0.0492659 -0.495122 0.0492659 0.0452242 0.495893 0.0452242 
0.0493638 0.0493638 0.495102 0.0493638 0.0493638 0.495102 0.0528933 0.0528933 -0.494373 0.0528933 0.0528933 -0.494373 0.0528933 0.0528933 -0.494373 0.0493638 0.0493638 0.495102 0.0493638 0.0493638 0.495102 0.0528933 0.0528933 -0.494373 
0.0575278 0.0575278 0.493337 0.0575278 0.0575278 0.493337 0.0561038 0.0561039 -0.493665 0.0561038 0.0561039 -0.493665 0.0561038 0.0561039 -0.493665 0.0575278 0.0575278 0.493337 0.0575278 0.0575278 0.493337 0.0561038 0.0561039 -0.493665 
0.0426848 0.495641 -0.0501798 0.0426848 0.495641 -0.0501798 0.0426848 0.495641 -0.0501798 0.0462685 -0.494874 -0.0543927 0.0462685 -0.494874 -0.0543927 0.0462685 -0.494874 -0.0543927 0.0462685 -0.494874 -0.0543927 0.0426848 0.495641 -0.0501798 
0.427738 0.152942 -0.208923 0.427738 0.152942 -0.208923 -0.399612 0.177512 -0.242486 0.427738 0.152942 -0.208923 0.427738 0.152942 -0.208923 -0.399612 0.177512 -0.242486 -0.399612 0.177512 -0.242486 -0.399612 0.177512 -0.242486 
-0.13849 0.27698 0.392559 -0.103183 0.206367 -0.443583 -0.103183 0.206367 -0.443583 -0.13849 0.27698 0.392559 -0.103183 0.206367 -0.443583 -0.103183 0.206367 -0.443583 -0.13849 0.27698 0.392559 -0.13849 0.27698 0.392559 
-0.16031 0.261085 0.395139 -0.128341 0.20902 -0.435705 -0.128341 0.20902 -0.435705 -0.16031 0.261085 0.395139 -0.128341 0.20902 -0.435705 -0.128341 0.20902 -0.435705 -0.16031 0.261085 0.395139 -0.16031 0.261085 0.395139 
-0.114233 0.230988 0.42848 -0.133502 0.269952 -0.399128 -0.133502 0.269952 -0.399128 -0.114233 0.230988 0.42848 -0.133502 0.269952 -0.399128 -0.133502 0.269952 -0.399128 -0.114233 0.230988 0.42848 -0.114233 0.230988 0.42848 
0.399704 0.280317 0.107975 0.399704 0.280317 0.107975 -0.427599 0.241831 0.0931508 0.399704 0.280317 0.107975 0.399704 0.280317 0.107975 -0.427599 0.241831 0.0931508 -0.427599 0.241831 0.0931508 -0.427599 0.241831 0.0931508 
-0.397155 0.253118 0.167927 -0.397155 0.253118 0.167927 0.431749 0.210136 0.139412 -0.397155 0.253118 0.167927 -0.397155 0.253118 0.167927 0.431749 0.210136 0.139412 0.431749 0.210136 0.139412 0.431749 0.210136 0.139412 
0.15631 0.15631 0.44848 0.219362 0.219362 -0.392123 0.219362 0.219362 -0.392123 0.15631 0.15631 0.44848 0.219362 0.219362 -0.392123 0.219362 0.219362 -0.392123 0.15631 0.15631 0.44848 0.15631 0.15631 0.44848 
0.218492 0.218492 0.393093 0.147525 0.147525 -0.454393 0.147525 0.147525 -0.454393 0.218492 0.218492 0.393093 0.147525 0.147525 -0.454393 0.147525 0.147525 -0.454393 0.218492 0.218492 0.393093 0.218492 0.218492 0.393093 
0.455317 0.133868 -0.157373 0.455317 0.133867 -0.157373 -0.393414 0.199943 -0.235049 0.455317 0.133868 -0.157373 0.455317 0.133867 -0.157373 -0.393414 0.199943 -0.235049 -0.393414 0.199941 -0.23505 -0.393414 0.199941 -0.23505 
0.341296 0.172504 -0.322117 -0.243396 0.198622 -0.388982 -0.182361 0.165187 0.435267 -0.194756 -0.0193781 0.460103 0.298689 -0.00919124 0.400874 0.362384 -0.0249163 -0.343594 -0.266527 -0.0450444 -0.420636 0.285562 0.152424 0.381079 



