0.439050 0.167602 0.170718 0.439050 0.170718 0.167602 0.170718 0.439050 0.167602 0.167602 0.439050 0.170718 0.167602 0.170718 0.439050 0.170718 0.167602 0.439050
0.0416416 0.184995 -0.462647 0.331526 0.00577273 -0.374242 0.333905 0.00736121 -0.372093 0.188963 0.365807 -0.283687 0.184205 0.367395 -0.284762 0.0392627 0.188172 -0.461573
0.3413840275 0.2187432739 0.2925890051  0.2270935102 0.2758885325 0.3497342638  0.2925890051 0.3413840275 0.2187432739  0.3497342638 0.2270935102 0.2758885325  0.2187432739 0.2925890051 0.3413840275  0.2758885325 0.3497342638 0.2270935102
0.174301 0.26693 -0.385185 0.412741 0.170242 -0.225083 0.431838 0.196833 -0.157393 0.312618 0.390209 0.00270929 0.274424 0.4168 -0.0311358 0.155204 0.320112 -0.35134
0.424898 0.261336 0.0341306 0.181441 0.386986 0.259463 0.2507 0.428819 0.0571274 0.372429 0.17752 0.28246 0.23391 0.219353 0.383628 0.355639 0.345003 -0.0670372 
0.0789774 0.280401 0.406372 0.263604 0.225765 0.359921 0.383204 0.283996 0.150002 0.290891 0.393268 0.103551 0.0516901 0.451499 0.208511 -0.0406232 0.396863 0.301412
0.174619 0.267077 -0.384939 0.412614 0.170538 -0.225092 0.431684 0.197078 -0.157509 0.312687 0.390156 0.002338 0.274547 0.416695 -0.0314532 0.155549 0.320156 -0.351148
0.421554 0.167507 -0.210317 0.0756484 0.339439 -0.359247 0.149699 0.420534 -0.225259 0.322652 0.0766693 -0.374189 0.174551 0.157764 -0.441183 0.347504 0.329696 -0.143323
0.0349725 0.358781 -0.346486 0.338317 0.245589 -0.274276 0.14675 0.0734526 -0.472302 -0.00492202 0.299837 -0.400092 0.378212 0.1277 -0.301079 0.226539 0.0145081 -0.445499
-0.150796 0.293779 -0.375439 -0.222494 0.277547 -0.351375 -0.349328 0.357057 -0.0219149 -0.313479 0.389521 0.00214979 -0.059811 0.469031 -0.16258 -0.0239619 0.452799 -0.210709
0.0389943 0.356379 -0.34853 0.335735 0.244985 -0.277965 0.148065 0.07597 -0.471493 -0.000305135 0.298759 -0.400928 0.375034 0.129744 -0.304164 0.226664 0.01835 -0.445294
-0.133771 0.267542 -0.400657 -0.189349 0.378698 0.26596 -0.189349 0.378698 0.26596 -0.133771 0.267542 -0.400657 -0.189349 0.378698 0.26596 -0.189349 0.378698 0.26596
0.0814984 0.28279 0.404212 0.262405 0.22948 0.358445 0.379868 0.286627 0.153444 0.289415 0.393249 0.107677 0.0544878 0.450396 0.210178 -0.0359653 0.397085 0.301712
0.419092 0.170133 -0.213112 0.0800289 0.338684 -0.359011 0.152687 0.418111 -0.22775 0.322218 0.0810096 -0.373648 0.176902 0.160437 -0.439278 0.346434 0.328987 -0.147482
0.178412 0.268828 -0.38197 0.411086 0.17407 -0.225184 0.429833 0.199991 -0.158892 0.313496 0.389507 -0.00210672 0.276002 0.415428 -0.0352527 0.159665 0.32067 -0.348824
0.142156 0.228041 0.42165 0.298539 0.16867 0.363902 0.404411 0.245694 0.161511 0.32622 0.364436 0.103763 0.114475 0.441461 0.204958 0.0362837 0.38209 0.320455
0.312919 0.388574 0.033042 0.261406 0.420311 0.0707486 0.144803 0.3189 0.35684 0.170559 0.255425 0.394547 0.403766 0.154014 0.251501 0.429522 0.185751 0.176088
0.15102 0.248037 -0.407027 0.397987 0.13042 -0.273125 0.422519 0.156886 -0.216482 0.299035 0.39212 -0.0825805 0.249971 0.418587 -0.110902 0.126488 0.30097 -0.378705
0.399769 0.131351 -0.270058 0.0409258 0.308168 -0.391609 0.112191 0.397165 -0.282265 0.291613 0.0435305 -0.403816 0.149082 0.132527 -0.458488 0.328504 0.309344 -0.215386
-0.139553 0.465534 -0.117488 -0.316689 0.380717 0.069012 -0.202961 0.286707 -0.355817 -0.114393 0.45634 -0.169317 -0.341848 0.362329 0.0430973 -0.25328 0.277513 -0.329903
0.142156 0.228041 0.42165 0.298539 0.16867 0.363902 0.404411 0.245694 0.161511 0.32622 0.364436 0.103763 0.114475 0.441461 0.204958 0.0362837 0.38209 0.320455
0.312919 0.388574 0.033042 0.261406 0.420311 0.0707486 0.144803 0.3189 0.35684 0.170559 0.255425 0.394547 0.403766 0.154014 0.251501 0.429522 0.185751 0.176088
0.429918 0.206841 -0.149623 0.119088 0.362945 -0.322629 0.191561 0.430607 -0.166979 0.346976 0.118399 -0.339984 0.202031 0.186062 -0.417809 0.357446 0.342166 -0.0717982

0.419092 0.170133 -0.213112 0.0800289 0.338684 -0.35901 0.152687 0.418111 -0.22775 0.322218 0.0810096 -0.373648 0.176903 0.160437 -0.439278 0.346434 0.328987 -0.147482

0.0766239 0.218702 -0.443056 0.364071 0.0553353 -0.338216 0.366179 0.0569809 -0.335658 0.222455 0.383714 -0.230818 0.21824 0.38536 -0.232098 0.0745161 0.221993 -0.441776

0.123766 0.219686 -0.431764 0.278208 0.138726 -0.391607 0.256061 0.120027 -0.412342 0.17884 0.281947 -0.372185 0.223134 0.263248 -0.361817 0.145913 0.182288 -0.442132

