0.498296 0.0184378 -0.0368989 0.498295 0.0184605 -0.0368975 -0.498122 0.0193536 -0.0387303 0.498296 0.0184378 -0.0368989 0.498295 0.0184605 -0.0368975 -0.498122 0.0193536 -0.0387303 -0.498121 0.0193774 -0.0387316 -0.498121 0.0193774 -0.0387316 
0.498133 0.0225853 -0.0367835 0.498134 0.0225834 -0.0367795 -0.49799 0.0234389 -0.0381695 0.498133 0.0225853 -0.0367835 0.498134 0.0225834 -0.0367795 -0.49799 0.0234389 -0.0381695 -0.497989 0.0234369 -0.0381737 -0.497989 0.0234369 -0.0381737 
0.498 0.0263866 -0.0360457 0.498001 0.0263848 -0.0360417 -0.497898 0.0270569 -0.0369573 0.498 0.0263866 -0.0360457 0.498001 0.0263848 -0.0360417 -0.497898 0.0270569 -0.0369573 -0.497897 0.027055 -0.0369614 -0.497897 0.027055 -0.0369614 
0.497905 0.0297858 -0.0346871 0.497906 0.029784 -0.034683 -0.497852 0.030165 -0.0351245 0.497905 0.0297858 -0.0346871 0.497906 0.029784 -0.034683 -0.497852 0.030165 -0.0351245 -0.497852 0.0301631 -0.0351286 -0.497852 0.0301631 -0.0351286 
0.497854 0.0327191 -0.0327203 0.497855 0.0327174 -0.0327162 -0.497855 0.0327191 -0.0327162 0.497854 0.0327191 -0.0327203 0.497855 0.0327174 -0.0327162 -0.497855 0.0327191 -0.0327162 -0.497854 0.0327173 -0.0327203 -0.497854 0.0327173 -0.0327203 
0.497851 0.0351274 -0.0301661 0.497852 0.0351257 -0.0301619 -0.497905 0.0346859 -0.0297828 0.497851 0.0351274 -0.0301661 0.497852 0.0351257 -0.0301619 -0.497905 0.0346859 -0.0297828 -0.497905 0.0346841 -0.029787 -0.497905 0.0346841 -0.029787 
0.497897 0.0369603 -0.0270582 0.497898 0.0369584 -0.0270536 -0.498001 0.0360447 -0.0263834 0.497897 0.0369603 -0.0270582 0.497898 0.0369584 -0.0270536 -0.498001 0.0360447 -0.0263834 -0.498001 0.0360428 -0.0263879 -0.498001 0.0360428 -0.0263879 
0.497989 0.0381725 -0.0234401 0.49799 0.0381707 -0.0234357 -0.498134 0.0367824 -0.0225822 0.497989 0.0381725 -0.0234401 0.49799 0.0381707 -0.0234357 -0.498134 0.0367824 -0.0225822 -0.498134 0.0367807 -0.0225865 -0.498134 0.0367807 -0.0225865 
-0.0193655 0.038731 0.498121 -0.0184491 0.0368982 -0.498295 -0.0184491 0.0368982 -0.498295 -0.0193655 0.038731 0.498121 -0.0184491 0.0368982 -0.498295 -0.0184491 0.0368982 -0.498295 -0.0193655 0.038731 0.498121 -0.0193655 0.038731 0.498121 
-0.0270559 0.0369593 0.497898 -0.0263857 0.0360437 -0.498001 -0.0263857 0.0360437 -0.498001 -0.0270559 0.0369593 0.497898 -0.0263857 0.0360437 -0.498001 -0.0263857 0.0360437 -0.498001 -0.0270559 0.0369593 0.497898 -0.0270559 0.0369593 0.497898 
-0.0327182 0.0327182 0.497854 -0.0327182 0.0327182 -0.497854 -0.0327182 0.0327182 -0.497854 -0.0327182 0.0327182 0.497854 -0.0327182 0.0327182 -0.497854 -0.0327182 0.0327182 -0.497854 -0.0327182 0.0327182 0.497854 -0.0327182 0.0327182 0.497854 
-0.0288228 0.0357657 0.497886 -0.0290818 0.0360871 -0.497847 -0.0290818 0.0360871 -0.497847 -0.0288228 0.0357657 0.497886 -0.0290818 0.0360871 -0.497847 -0.0290818 0.0360871 -0.497847 -0.0288228 0.0357657 0.497886 -0.0288228 0.0357657 0.497886 
-0.024473 0.0381805 0.497939 -0.024911 0.0388637 -0.497864 -0.024911 0.0388637 -0.497864 -0.024473 0.0381805 0.497939 -0.024911 0.0388637 -0.497864 -0.024911 0.0388637 -0.497864 -0.024473 0.0381805 0.497939 -0.024473 0.0381805 0.497939 
-0.0197475 0.0399308 0.498012 -0.0202723 0.040992 -0.497904 -0.0202723 0.040992 -0.497904 -0.0197475 0.0399308 0.498012 -0.0202723 0.040992 -0.497904 -0.0202723 0.040992 -0.497904 -0.0197475 0.0399308 0.498012 -0.0197475 0.0399308 0.498012 
-0.0147279 0.0409965 0.498099 -0.0152414 0.0424258 -0.497964 -0.0152414 0.0424258 -0.497964 -0.0147279 0.0409965 0.498099 -0.0152414 0.0424258 -0.497964 -0.0152414 0.0424258 -0.497964 -0.0147279 0.0409965 0.498099 -0.0147279 0.0409965 0.498099 
0.497896 0.0427557 0.0164666 0.497896 0.0427539 0.0164711 -0.497999 0.0417054 0.0160665 0.497896 0.0427557 0.0164666 0.497896 0.0427539 0.0164711 -0.497999 0.0417054 0.0160665 -0.497999 0.0417037 0.0160621 -0.497999 0.0417037 0.0160621 
0.497849 0.0422568 0.0189913 0.497849 0.042255 0.0189959 -0.497895 0.041799 0.0187902 0.497849 0.0422568 0.0189913 0.497849 0.042255 0.0189959 -0.497895 0.041799 0.0187902 -0.497896 0.0417973 0.0187856 -0.497896 0.0417973 0.0187856 
0.497937 0.0391564 0.0229345 0.497936 0.0391545 0.0229392 -0.497863 0.039843 0.0233414 0.497937 0.0391564 0.0229345 0.497936 0.0391545 0.0229392 -0.497863 0.039843 0.0233414 -0.497864 0.0398411 0.0233367 -0.497864 0.0398411 0.0233367 
0.498235 0.0335368 0.0252475 0.498235 0.0335349 0.0252521 -0.49807 0.0350624 0.0264008 0.498235 0.0335368 0.0252475 0.498235 0.0335349 0.0252521 -0.49807 0.0350624 0.0264008 -0.49807 0.0350604 0.026396 -0.49807 0.0350604 0.026396 
0.0258461 0.0258461 0.498662 0.0276809 0.0276809 -0.498465 0.0276809 0.0276809 -0.498465 0.0258461 0.0258461 0.498662 0.0276809 0.0276809 -0.498465 0.0276809 0.0276809 -0.498465 0.0258461 0.0258461 0.498662 0.0258461 0.0258461 0.498662 
0.030082 0.030082 0.498187 0.0313448 0.0313448 -0.498031 0.0313448 0.0313448 -0.498031 0.030082 0.030082 0.498187 0.0313448 0.0313448 -0.498031 0.0313448 0.0313448 -0.498031 0.030082 0.030082 0.498187 0.030082 0.030082 0.498187 
0.0314995 0.0314995 0.498012 0.0323366 0.0323366 -0.497904 0.0323366 0.0323366 -0.497904 0.0314995 0.0314995 0.498012 0.0323366 0.0323366 -0.497904 0.0323366 0.0323366 -0.497904 0.0314995 0.0314995 0.498012 0.0314995 0.0314995 0.498012 
0.032404 0.032404 0.497896 0.0327588 0.0327588 -0.497849 0.0327588 0.0327588 -0.497849 0.032404 0.032404 0.497896 0.0327588 0.0327588 -0.497849 0.0327588 0.0327588 -0.497849 0.032404 0.032404 0.497896 0.032404 0.032404 0.497896 
0.0327692 0.0327692 0.497848 0.0326178 0.0326178 -0.497868 0.0326178 0.0326178 -0.497868 0.0327692 0.0327692 0.497848 0.0326178 0.0326178 -0.497868 0.0326178 0.0326178 -0.497868 0.0327692 0.0327692 0.497848 0.0327692 0.0327692 0.497848 
0.0325755 0.0325755 0.497873 0.0319282 0.0319282 -0.497957 0.0319282 0.0319282 -0.497957 0.0325755 0.0325755 0.497873 0.0319282 0.0319282 -0.497957 0.0319282 0.0319282 -0.497957 0.0325755 0.0325755 0.497873 0.0325755 0.0325755 0.497873 
0.0318137 0.0318137 0.497972 0.0307141 0.0307141 -0.49811 0.0307141 0.0307141 -0.49811 0.0318137 0.0318137 0.497972 0.0307141 0.0307141 -0.49811 0.0307141 0.0307141 -0.49811 0.0318137 0.0318137 0.497972 0.0318137 0.0318137 0.497972 
0.0304838 0.0304838 0.498138 0.0290062 0.0290062 -0.498314 0.0290062 0.0290062 -0.498314 0.0304838 0.0304838 0.498138 0.0290062 0.0290062 -0.498314 0.0290062 0.0290062 -0.498314 0.0304838 0.0304838 0.498138 0.0304838 0.0304838 0.498138 
0.498581 0.024389 -0.0286724 0.498581 0.0243871 -0.0286681 -0.498385 0.0260162 -0.0305808 0.498581 0.024389 -0.0286724 0.498581 0.0243871 -0.0286681 -0.498385 0.0260162 -0.0305808 -0.498385 0.0260142 -0.0305855 -0.498385 0.0260142 -0.0305855 
